Wavelength (Angstroms), Normalized intensity, Element
7769.0, 9883, 
7769.002, 9884, 
7769.004, 9884, 
7769.006, 9883, 
7769.008, 9883, 
7769.01, 9883, 
7769.012, 9882, 
7769.014, 9882, 
7769.016, 9882, 
7769.018, 9881, 
7769.02, 9880, 
7769.022, 9880, 
7769.024, 9880, 
7769.026, 9879, 
7769.028, 9879, 
7769.03, 9878, 
7769.032, 9878, 
7769.034, 9878, 
7769.036, 9877, 
7769.038, 9877, 
7769.04, 9876, 
7769.042, 9876, 
7769.044, 9875, 
7769.046, 9874, 
7769.048, 9874, 
7769.05, 9873, 
7769.052, 9871, 
7769.054, 9871, 
7769.056, 9870, 
7769.058, 9869, 
7769.06, 9868, 
7769.062, 9867, 
7769.064, 9866, 
7769.066, 9865, 
7769.068, 9864, 
7769.07, 9862, 
7769.072, 9861, 
7769.074, 9860, 
7769.076, 9858, 
7769.078, 9857, 
7769.08, 9856, 
7769.082, 9854, 
7769.084, 9853, 
7769.086, 9852, 
7769.088, 9851, 
7769.09, 9849, 
7769.092, 9848, 
7769.094, 9847, 
7769.096, 9846, 
7769.098, 9844, 
7769.1, 9843, 
7769.102, 9842, 
7769.104, 9841, 
7769.106, 9841, 
7769.108, 9840, 
7769.11, 9839, 
7769.112, 9839, 
7769.114, 9839, 
7769.116, 9838, 
7769.118, 9838, 
7769.12, 9838, 
7769.122, 9838, 
7769.124, 9838, 
7769.126, 9838, 
7769.128, 9838, 
7769.13, 9838, 
7769.132, 9838, 
7769.134, 9839, 
7769.136, 9839, 
7769.138, 9840, 
7769.14, 9840, 
7769.142, 9841, 
7769.144, 9842, 
7769.146, 9842, 
7769.148, 9843, 
7769.15, 9845, 
7769.152, 9846, 
7769.154, 9848, 
7769.156, 9849, 
7769.158, 9850, 
7769.16, 9851, 
7769.162, 9852, 
7769.164, 9854, 
7769.166, 9855, 
7769.168, 9856, 
7769.17, 9857, 
7769.172, 9859, 
7769.174, 9860, 
7769.176, 9861, 
7769.178, 9863, 
7769.18, 9864, 
7769.182, 9866, 
7769.184, 9867, 
7769.186, 9868, 
7769.188, 9870, 
7769.19, 9871, 
7769.192, 9872, 
7769.194, 9873, 
7769.196, 9874, 
7769.198, 9876, 
7769.2, 9876, 
7769.202, 9877, 
7769.204, 9878, 
7769.206, 9879, 
7769.208, 9879, 
7769.21, 9879, 
7769.212, 9880, 
7769.214, 9880, 
7769.216, 9881, 
7769.218, 9882, 
7769.22, 9882, 
7769.222, 9882, 
7769.224, 9883, 
7769.226, 9883, 
7769.228, 9883, 
7769.23, 9883, 
7769.232, 9883, 
7769.234, 9883, 
7769.236, 9883, 
7769.238, 9884, 
7769.24, 9884, 
7769.242, 9884, 
7769.244, 9884, 
7769.246, 9884, 
7769.248, 9885, 
7769.25, 9885, 
7769.252, 9885, 
7769.254, 9885, 
7769.256, 9885, 
7769.258, 9885, 
7769.26, 9885, 
7769.262, 9886, 
7769.264, 9886, 
7769.266, 9886, 
7769.268, 9887, 
7769.27, 9887, 
7769.272, 9887, 
7769.274, 9887, 
7769.276, 9887, 
7769.278, 9887, 
7769.28, 9887, 
7769.282, 9888, 
7769.284, 9888, 
7769.286, 9888, 
7769.288, 9888, 
7769.29, 9888, 
7769.292, 9888, 
7769.294, 9888, 
7769.296, 9888, 
7769.298, 9888, 
7769.3, 9888, 
7769.302, 9888, 
7769.304, 9888, 
7769.306, 9887, 
7769.308, 9887, 
7769.31, 9887, 
7769.312, 9887, 
7769.314, 9887, 
7769.316, 9886, 
7769.318, 9887, 
7769.32, 9886, 
7769.322, 9886, 
7769.324, 9886, 
7769.326, 9886, 
7769.328, 9885, 
7769.33, 9886, 
7769.332, 9885, 
7769.334, 9885, 
7769.336, 9885, 
7769.338, 9885, 
7769.34, 9885, 
7769.342, 9885, 
7769.344, 9885, 
7769.346, 9885, 
7769.348, 9884, 
7769.35, 9885, 
7769.352, 9884, 
7769.354, 9884, 
7769.356, 9884, 
7769.358, 9884, 
7769.36, 9884, 
7769.362, 9884, 
7769.364, 9884, 
7769.366, 9883, 
7769.368, 9883, 
7769.37, 9883, 
7769.372, 9882, 
7769.374, 9882, 
7769.376, 9881, 
7769.378, 9881, 
7769.38, 9881, 
7769.382, 9880, 
7769.384, 9880, 
7769.386, 9880, 
7769.388, 9880, 
7769.39, 9879, 
7769.392, 9879, 
7769.394, 9879, 
7769.396, 9879, 
7769.398, 9879, 
7769.4, 9879, 
7769.402, 9879, 
7769.404, 9879, 
7769.406, 9879, 
7769.408, 9879, 
7769.41, 9879, 
7769.412, 9880, 
7769.414, 9880, 
7769.416, 9880, 
7769.418, 9880, 
7769.42, 9880, 
7769.422, 9880, 
7769.424, 9880, 
7769.426, 9881, 
7769.428, 9881, 
7769.43, 9880, 
7769.432, 9880, 
7769.434, 9880, 
7769.436, 9880, 
7769.438, 9880, 
7769.44, 9880, 
7769.442, 9879, 
7769.444, 9878, 
7769.446, 9878, 
7769.448, 9878, 
7769.45, 9877, 
7769.452, 9877, 
7769.454, 9876, 
7769.456, 9875, 
7769.458, 9875, 
7769.46, 9874, 
7769.462, 9874, 
7769.464, 9873, 
7769.466, 9873, 
7769.468, 9872, 
7769.47, 9871, 
7769.472, 9870, 
7769.474, 9870, 
7769.476, 9868, 
7769.478, 9867, 
7769.48, 9867, 
7769.482, 9866, 
7769.484, 9865, 
7769.486, 9864, 
7769.488, 9863, 
7769.49, 9862, 
7769.492, 9861, 
7769.494, 9860, 
7769.496, 9858, 
7769.498, 9857, 
7769.5, 9856, 
7769.502, 9855, 
7769.504, 9854, 
7769.506, 9852, 
7769.508, 9851, 
7769.51, 9850, 
7769.512, 9848, 
7769.514, 9847, 
7769.516, 9845, 
7769.518, 9844, 
7769.52, 9842, 
7769.522, 9840, 
7769.524, 9839, 
7769.526, 9838, 
7769.528, 9837, 
7769.53, 9836, 
7769.532, 9834, 
7769.534, 9834, 
7769.536, 9832, 
7769.538, 9831, 
7769.54, 9829, 
7769.542, 9829, 
7769.544, 9828, 
7769.546, 9827, 
7769.548, 9826, 
7769.55, 9825, 
7769.552, 9824, 
7769.554, 9823, 
7769.556, 9823, 
7769.558, 9822, 
7769.56, 9821, 
7769.562, 9821, 
7769.564, 9820, 
7769.566, 9820, 
7769.568, 9820, 
7769.57, 9820, 
7769.572, 9820, 
7769.574, 9820, 
7769.576, 9820, 
7769.578, 9820, 
7769.58, 9820, 
7769.582, 9820, 
7769.584, 9820, 
7769.586, 9820, 
7769.588, 9821, 
7769.59, 9821, 
7769.592, 9821, 
7769.594, 9822, 
7769.596, 9822, 
7769.598, 9823, 
7769.6, 9824, 
7769.602, 9824, 
7769.604, 9825, 
7769.606, 9826, 
7769.608, 9827, 
7769.61, 9828, 
7769.612, 9829, 
7769.614, 9829, 
7769.616, 9831, 
7769.618, 9831, 
7769.62, 9832, 
7769.622, 9834, 
7769.624, 9835, 
7769.626, 9837, 
7769.628, 9838, 
7769.63, 9839, 
7769.632, 9840, 
7769.634, 9842, 
7769.636, 9843, 
7769.638, 9844, 
7769.64, 9845, 
7769.642, 9847, 
7769.644, 9848, 
7769.646, 9849, 
7769.648, 9850, 
7769.65, 9851, 
7769.652, 9853, 
7769.654, 9854, 
7769.656, 9855, 
7769.658, 9856, 
7769.66, 9857, 
7769.662, 9857, 
7769.664, 9858, 
7769.666, 9858, 
7769.668, 9859, 
7769.67, 9859, 
7769.672, 9860, 
7769.674, 9860, 
7769.676, 9861, 
7769.678, 9861, 
7769.68, 9862, 
7769.682, 9862, 
7769.684, 9862, 
7769.686, 9863, 
7769.688, 9863, 
7769.69, 9863, 
7769.692, 9864, 
7769.694, 9864, 
7769.696, 9864, 
7769.698, 9865, 
7769.7, 9865, 
7769.702, 9865, 
7769.704, 9866, 
7769.706, 9867, 
7769.708, 9868, 
7769.71, 9868, 
7769.712, 9869, 
7769.714, 9870, 
7769.716, 9871, 
7769.718, 9872, 
7769.72, 9872, 
7769.722, 9873, 
7769.724, 9874, 
7769.726, 9874, 
7769.728, 9875, 
7769.73, 9876, 
7769.732, 9877, 
7769.734, 9878, 
7769.736, 9879, 
7769.738, 9880, 
7769.74, 9881, 
7769.742, 9882, 
7769.744, 9883, 
7769.746, 9884, 
7769.748, 9884, 
7769.75, 9885, 
7769.752, 9885, 
7769.754, 9886, 
7769.756, 9886, 
7769.758, 9887, 
7769.76, 9888, 
7769.762, 9888, 
7769.764, 9889, 
7769.766, 9889, 
7769.768, 9890, 
7769.77, 9890, 
7769.772, 9890, 
7769.774, 9891, 
7769.776, 9891, 
7769.778, 9892, 
7769.78, 9893, 
7769.782, 9893, 
7769.784, 9893, 
7769.786, 9893, 
7769.788, 9894, 
7769.79, 9894, 
7769.792, 9895, 
7769.794, 9895, 
7769.796, 9895, 
7769.798, 9895, 
7769.8, 9895, 
7769.802, 9895, 
7769.804, 9895, 
7769.806, 9895, 
7769.808, 9895, 
7769.81, 9895, 
7769.812, 9894, 
7769.814, 9894, 
7769.816, 9894, 
7769.818, 9893, 
7769.82, 9893, 
7769.822, 9892, 
7769.824, 9892, 
7769.826, 9892, 
7769.828, 9891, 
7769.83, 9891, 
7769.832, 9891, 
7769.834, 9890, 
7769.836, 9890, 
7769.838, 9889, 
7769.84, 9889, 
7769.842, 9889, 
7769.844, 9888, 
7769.846, 9888, 
7769.848, 9888, 
7769.85, 9888, 
7769.852, 9888, 
7769.854, 9888, 
7769.856, 9888, 
7769.858, 9888, 
7769.86, 9888, 
7769.862, 9888, 
7769.864, 9888, 
7769.866, 9888, 
7769.868, 9888, 
7769.87, 9888, 
7769.872, 9888, 
7769.874, 9888, 
7769.876, 9888, 
7769.878, 9888, 
7769.88, 9888, 
7769.882, 9888, 
7769.884, 9888, 
7769.886, 9888, 
7769.888, 9888, 
7769.89, 9888, 
7769.892, 9889, 
7769.894, 9889, 
7769.896, 9889, 
7769.898, 9889, 
7769.9, 9889, 
7769.902, 9889, 
7769.904, 9889, 
7769.906, 9889, 
7769.908, 9889, 
7769.91, 9889, 
7769.912, 9889, 
7769.914, 9889, 
7769.916, 9889, 
7769.918, 9890, 
7769.92, 9890, 
7769.922, 9890, 
7769.924, 9890, 
7769.926, 9891, 
7769.928, 9891, 
7769.93, 9891, 
7769.932, 9891, 
7769.934, 9891, 
7769.936, 9891, 
7769.938, 9892, 
7769.94, 9892, 
7769.942, 9892, 
7769.944, 9892, 
7769.946, 9892, 
7769.948, 9892, 
7769.95, 9891, 
7769.952, 9891, 
7769.954, 9891, 
7769.956, 9890, 
7769.958, 9890, 
7769.96, 9890, 
7769.962, 9889, 
7769.964, 9888, 
7769.966, 9888, 
7769.968, 9887, 
7769.97, 9887, 
7769.972, 9886, 
7769.974, 9885, 
7769.976, 9885, 
7769.978, 9884, 
7769.98, 9883, 
7769.982, 9883, 
7769.984, 9883, 
7769.986, 9882, 
7769.988, 9881, 
7769.99, 9881, 
7769.992, 9880, 
7769.994, 9880, 
7769.996, 9879, 
7769.998, 9879, 
7770.0, 9879, 
7770.002, 9878, 
7770.004, 9878, 
7770.006, 9877, 
7770.008, 9877, 
7770.01, 9876, 
7770.012, 9876, 
7770.014, 9876, 
7770.016, 9876, 
7770.018, 9875, 
7770.02, 9875, 
7770.022, 9875, 
7770.024, 9874, 
7770.026, 9874, 
7770.028, 9873, 
7770.03, 9873, 
7770.032, 9873, 
7770.034, 9872, 
7770.036, 9871, 
7770.038, 9871, 
7770.04, 9871, 
7770.042, 9871, 
7770.044, 9870, 
7770.046, 9870, 
7770.048, 9870, 
7770.05, 9869, 
7770.052, 9869, 
7770.054, 9868, 
7770.056, 9867, 
7770.058, 9867, 
7770.06, 9867, 
7770.062, 9866, 
7770.064, 9866, 
7770.066, 9866, 
7770.068, 9866, 
7770.07, 9865, 
7770.072, 9865, 
7770.074, 9865, 
7770.076, 9864, 
7770.078, 9864, 
7770.08, 9864, 
7770.082, 9865, 
7770.084, 9865, 
7770.086, 9864, 
7770.088, 9865, 
7770.09, 9865, 
7770.092, 9865, 
7770.094, 9865, 
7770.096, 9866, 
7770.098, 9865, 
7770.1, 9865, 
7770.102, 9865, 
7770.104, 9865, 
7770.106, 9866, 
7770.108, 9866, 
7770.11, 9866, 
7770.112, 9866, 
7770.114, 9866, 
7770.116, 9866, 
7770.118, 9867, 
7770.12, 9867, 
7770.122, 9868, 
7770.124, 9868, 
7770.126, 9868, 
7770.128, 9869, 
7770.13, 9869, 
7770.132, 9869, 
7770.134, 9869, 
7770.136, 9870, 
7770.138, 9870, 
7770.14, 9870, 
7770.142, 9870, 
7770.144, 9871, 
7770.146, 9871, 
7770.148, 9871, 
7770.15, 9871, 
7770.152, 9871, 
7770.154, 9871, 
7770.156, 9872, 
7770.158, 9871, 
7770.16, 9871, 
7770.162, 9872, 
7770.164, 9872, 
7770.166, 9872, 
7770.168, 9873, 
7770.17, 9873, 
7770.172, 9873, 
7770.174, 9873, 
7770.176, 9874, 
7770.178, 9874, 
7770.18, 9874, 
7770.182, 9874, 
7770.184, 9873, 
7770.186, 9873, 
7770.188, 9873, 
7770.19, 9872, 
7770.192, 9872, 
7770.194, 9872, 
7770.196, 9871, 
7770.198, 9869, 
7770.2, 9868, 
7770.202, 9868, 
7770.204, 9867, 
7770.206, 9866, 
7770.208, 9865, 
7770.21, 9864, 
7770.212, 9862, 
7770.214, 9861, 
7770.216, 9860, 
7770.218, 9858, 
7770.22, 9857, 
7770.222, 9856, 
7770.224, 9854, 
7770.226, 9853, 
7770.228, 9851, 
7770.23, 9850, 
7770.232, 9849, 
7770.234, 9847, 
7770.236, 9846, 
7770.238, 9845, 
7770.24, 9844, 
7770.242, 9842, 
7770.244, 9841, 
7770.246, 9840, 
7770.248, 9839, 
7770.25, 9838, 
7770.252, 9837, 
7770.254, 9836, 
7770.256, 9835, 
7770.258, 9834, 
7770.26, 9833, 
7770.262, 9832, 
7770.264, 9831, 
7770.266, 9831, 
7770.268, 9830, 
7770.27, 9829, 
7770.272, 9828, 
7770.274, 9828, 
7770.276, 9827, 
7770.278, 9827, 
7770.28, 9827, 
7770.282, 9827, 
7770.284, 9827, 
7770.286, 9828, 
7770.288, 9828, 
7770.29, 9828, 
7770.292, 9829, 
7770.294, 9828, 
7770.296, 9829, 
7770.298, 9830, 
7770.3, 9831, 
7770.302, 9832, 
7770.304, 9833, 
7770.306, 9834, 
7770.308, 9835, 
7770.31, 9836, 
7770.312, 9837, 
7770.314, 9839, 
7770.316, 9840, 
7770.318, 9840, 
7770.32, 9842, 
7770.322, 9843, 
7770.324, 9844, 
7770.326, 9846, 
7770.328, 9847, 
7770.33, 9848, 
7770.332, 9849, 
7770.334, 9851, 
7770.336, 9851, 
7770.338, 9852, 
7770.34, 9853, 
7770.342, 9854, 
7770.344, 9855, 
7770.346, 9856, 
7770.348, 9857, 
7770.35, 9857, 
7770.352, 9858, 
7770.354, 9859, 
7770.356, 9860, 
7770.358, 9860, 
7770.36, 9861, 
7770.362, 9862, 
7770.364, 9863, 
7770.366, 9863, 
7770.368, 9864, 
7770.37, 9866, 
7770.372, 9866, 
7770.374, 9867, 
7770.376, 9868, 
7770.378, 9869, 
7770.38, 9871, 
7770.382, 9871, 
7770.384, 9872, 
7770.386, 9873, 
7770.388, 9874, 
7770.39, 9875, 
7770.392, 9876, 
7770.394, 9877, 
7770.396, 9879, 
7770.398, 9879, 
7770.4, 9879, 
7770.402, 9880, 
7770.404, 9880, 
7770.406, 9881, 
7770.408, 9882, 
7770.41, 9883, 
7770.412, 9884, 
7770.414, 9885, 
7770.416, 9885, 
7770.418, 9885, 
7770.42, 9886, 
7770.422, 9888, 
7770.424, 9889, 
7770.426, 9889, 
7770.428, 9890, 
7770.43, 9890, 
7770.432, 9891, 
7770.434, 9892, 
7770.436, 9893, 
7770.438, 9893, 
7770.44, 9894, 
7770.442, 9894, 
7770.444, 9895, 
7770.446, 9896, 
7770.448, 9897, 
7770.45, 9898, 
7770.452, 9898, 
7770.454, 9898, 
7770.456, 9899, 
7770.458, 9899, 
7770.46, 9899, 
7770.462, 9899, 
7770.464, 9899, 
7770.466, 9899, 
7770.468, 9899, 
7770.47, 9898, 
7770.472, 9898, 
7770.474, 9898, 
7770.476, 9897, 
7770.478, 9896, 
7770.48, 9896, 
7770.482, 9896, 
7770.484, 9895, 
7770.486, 9894, 
7770.488, 9893, 
7770.49, 9892, 
7770.492, 9891, 
7770.494, 9891, 
7770.496, 9890, 
7770.498, 9889, 
7770.5, 9887, 
7770.502, 9886, 
7770.504, 9885, 
7770.506, 9885, 
7770.508, 9884, 
7770.51, 9883, 
7770.512, 9883, 
7770.514, 9883, 
7770.516, 9882, 
7770.518, 9881, 
7770.52, 9881, 
7770.522, 9880, 
7770.524, 9880, 
7770.526, 9880, 
7770.528, 9880, 
7770.53, 9880, 
7770.532, 9880, 
7770.534, 9880, 
7770.536, 9879, 
7770.538, 9880, 
7770.54, 9880, 
7770.542, 9880, 
7770.544, 9880, 
7770.546, 9881, 
7770.548, 9880, 
7770.55, 9881, 
7770.552, 9881, 
7770.554, 9881, 
7770.556, 9881, 
7770.558, 9881, 
7770.56, 9881, 
7770.562, 9881, 
7770.564, 9881, 
7770.566, 9881, 
7770.568, 9881, 
7770.57, 9881, 
7770.572, 9881, 
7770.574, 9881, 
7770.576, 9881, 
7770.578, 9881, 
7770.58, 9881, 
7770.582, 9881, 
7770.584, 9880, 
7770.586, 9880, 
7770.588, 9880, 
7770.59, 9881, 
7770.592, 9881, 
7770.594, 9880, 
7770.596, 9880, 
7770.598, 9881, 
7770.6, 9880, 
7770.602, 9880, 
7770.604, 9880, 
7770.606, 9880, 
7770.608, 9880, 
7770.61, 9880, 
7770.612, 9880, 
7770.614, 9880, 
7770.616, 9881, 
7770.618, 9880, 
7770.62, 9880, 
7770.622, 9880, 
7770.624, 9880, 
7770.626, 9880, 
7770.628, 9880, 
7770.63, 9880, 
7770.632, 9880, 
7770.634, 9879, 
7770.636, 9879, 
7770.638, 9879, 
7770.64, 9879, 
7770.642, 9879, 
7770.644, 9878, 
7770.646, 9878, 
7770.648, 9878, 
7770.65, 9877, 
7770.652, 9877, 
7770.654, 9876, 
7770.656, 9876, 
7770.658, 9875, 
7770.66, 9875, 
7770.662, 9874, 
7770.664, 9873, 
7770.666, 9874, 
7770.668, 9873, 
7770.67, 9872, 
7770.672, 9873, 
7770.674, 9872, 
7770.676, 9871, 
7770.678, 9871, 
7770.68, 9870, 
7770.682, 9870, 
7770.684, 9868, 
7770.686, 9868, 
7770.688, 9867, 
7770.69, 9866, 
7770.692, 9865, 
7770.694, 9864, 
7770.696, 9863, 
7770.698, 9862, 
7770.7, 9861, 
7770.702, 9860, 
7770.704, 9860, 
7770.706, 9858, 
7770.708, 9858, 
7770.71, 9857, 
7770.712, 9856, 
7770.714, 9855, 
7770.716, 9854, 
7770.718, 9853, 
7770.72, 9852, 
7770.722, 9851, 
7770.724, 9850, 
7770.726, 9849, 
7770.728, 9848, 
7770.73, 9847, 
7770.732, 9846, 
7770.734, 9845, 
7770.736, 9844, 
7770.738, 9842, 
7770.74, 9842, 
7770.742, 9841, 
7770.744, 9839, 
7770.746, 9839, 
7770.748, 9839, 
7770.75, 9838, 
7770.752, 9837, 
7770.754, 9836, 
7770.756, 9836, 
7770.758, 9835, 
7770.76, 9835, 
7770.762, 9834, 
7770.764, 9834, 
7770.766, 9833, 
7770.768, 9833, 
7770.77, 9833, 
7770.772, 9833, 
7770.774, 9833, 
7770.776, 9833, 
7770.778, 9833, 
7770.78, 9833, 
7770.782, 9834, 
7770.784, 9834, 
7770.786, 9834, 
7770.788, 9834, 
7770.79, 9834, 
7770.792, 9834, 
7770.794, 9836, 
7770.796, 9835, 
7770.798, 9836, 
7770.8, 9836, 
7770.802, 9837, 
7770.804, 9838, 
7770.806, 9838, 
7770.808, 9838, 
7770.81, 9839, 
7770.812, 9840, 
7770.814, 9840, 
7770.816, 9841, 
7770.818, 9841, 
7770.82, 9842, 
7770.822, 9843, 
7770.824, 9843, 
7770.826, 9843, 
7770.828, 9844, 
7770.83, 9845, 
7770.832, 9846, 
7770.834, 9847, 
7770.836, 9848, 
7770.838, 9848, 
7770.84, 9849, 
7770.842, 9850, 
7770.844, 9850, 
7770.846, 9850, 
7770.848, 9851, 
7770.85, 9852, 
7770.852, 9853, 
7770.854, 9853, 
7770.856, 9854, 
7770.858, 9854, 
7770.86, 9855, 
7770.862, 9855, 
7770.864, 9856, 
7770.866, 9856, 
7770.868, 9857, 
7770.87, 9857, 
7770.872, 9858, 
7770.874, 9858, 
7770.876, 9858, 
7770.878, 9859, 
7770.88, 9859, 
7770.882, 9859, 
7770.884, 9860, 
7770.886, 9860, 
7770.888, 9860, 
7770.89, 9860, 
7770.892, 9861, 
7770.894, 9861, 
7770.896, 9862, 
7770.898, 9861, 
7770.9, 9861, 
7770.902, 9862, 
7770.904, 9861, 
7770.906, 9862, 
7770.908, 9862, 
7770.91, 9862, 
7770.912, 9862, 
7770.914, 9862, 
7770.916, 9862, 
7770.918, 9862, 
7770.92, 9862, 
7770.922, 9863, 
7770.924, 9864, 
7770.926, 9864, 
7770.928, 9864, 
7770.93, 9864, 
7770.932, 9863, 
7770.934, 9863, 
7770.936, 9863, 
7770.938, 9863, 
7770.94, 9863, 
7770.942, 9862, 
7770.944, 9862, 
7770.946, 9862, 
7770.948, 9861, 
7770.95, 9861, 
7770.952, 9861, 
7770.954, 9860, 
7770.956, 9860, 
7770.958, 9860, 
7770.96, 9860, 
7770.962, 9860, 
7770.964, 9859, 
7770.966, 9859, 
7770.968, 9859, 
7770.97, 9859, 
7770.972, 9859, 
7770.974, 9859, 
7770.976, 9859, 
7770.978, 9859, 
7770.98, 9858, 
7770.982, 9858, 
7770.984, 9858, 
7770.986, 9859, 
7770.988, 9859, 
7770.99, 9859, 
7770.992, 9859, 
7770.994, 9860, 
7770.996, 9859, 
7770.998, 9860, 
7771.0, 9859, 
7771.002, 9860, 
7771.004, 9860, 
7771.006, 9860, 
7771.008, 9861, 
7771.01, 9861, 
7771.012, 9861, 
7771.014, 9862, 
7771.016, 9862, 
7771.018, 9863, 
7771.02, 9863, 
7771.022, 9863, 
7771.024, 9864, 
7771.026, 9864, 
7771.028, 9864, 
7771.03, 9865, 
7771.032, 9865, 
7771.034, 9865, 
7771.036, 9865, 
7771.038, 9865, 
7771.04, 9865, 
7771.042, 9866, 
7771.044, 9866, 
7771.046, 9866, 
7771.048, 9866, 
7771.05, 9866, 
7771.052, 9867, 
7771.054, 9867, 
7771.056, 9867, 
7771.058, 9868, 
7771.06, 9868, 
7771.062, 9868, 
7771.064, 9868, 
7771.066, 9868, 
7771.068, 9869, 
7771.07, 9869, 
7771.072, 9869, 
7771.074, 9869, 
7771.076, 9870, 
7771.078, 9870, 
7771.08, 9870, 
7771.082, 9870, 
7771.084, 9870, 
7771.086, 9870, 
7771.088, 9870, 
7771.09, 9870, 
7771.092, 9870, 
7771.094, 9871, 
7771.096, 9871, 
7771.098, 9870, 
7771.1, 9871, 
7771.102, 9871, 
7771.104, 9871, 
7771.106, 9871, 
7771.108, 9871, 
7771.11, 9871, 
7771.112, 9871, 
7771.114, 9871, 
7771.116, 9871, 
7771.118, 9871, 
7771.12, 9871, 
7771.122, 9870, 
7771.124, 9871, 
7771.126, 9870, 
7771.128, 9871, 
7771.13, 9871, 
7771.132, 9871, 
7771.134, 9870, 
7771.136, 9870, 
7771.138, 9870, 
7771.14, 9870, 
7771.142, 9869, 
7771.144, 9869, 
7771.146, 9869, 
7771.148, 9868, 
7771.15, 9868, 
7771.152, 9869, 
7771.154, 9868, 
7771.156, 9868, 
7771.158, 9868, 
7771.16, 9867, 
7771.162, 9867, 
7771.164, 9867, 
7771.166, 9867, 
7771.168, 9866, 
7771.17, 9866, 
7771.172, 9866, 
7771.174, 9866, 
7771.176, 9867, 
7771.178, 9867, 
7771.18, 9867, 
7771.182, 9867, 
7771.184, 9867, 
7771.186, 9868, 
7771.188, 9868, 
7771.19, 9868, 
7771.192, 9868, 
7771.194, 9868, 
7771.196, 9868, 
7771.198, 9869, 
7771.2, 9869, 
7771.202, 9869, 
7771.204, 9869, 
7771.206, 9869, 
7771.208, 9869, 
7771.21, 9870, 
7771.212, 9870, 
7771.214, 9870, 
7771.216, 9870, 
7771.218, 9870, 
7771.22, 9870, 
7771.222, 9871, 
7771.224, 9871, 
7771.226, 9870, 
7771.228, 9871, 
7771.23, 9871, 
7771.232, 9871, 
7771.234, 9871, 
7771.236, 9871, 
7771.238, 9872, 
7771.24, 9872, 
7771.242, 9872, 
7771.244, 9872, 
7771.246, 9872, 
7771.248, 9872, 
7771.25, 9872, 
7771.252, 9872, 
7771.254, 9872, 
7771.256, 9872, 
7771.258, 9874, 
7771.26, 9874, 
7771.262, 9874, 
7771.264, 9874, 
7771.266, 9874, 
7771.268, 9873, 
7771.27, 9873, 
7771.272, 9873, 
7771.274, 9872, 
7771.276, 9871, 
7771.278, 9871, 
7771.28, 9871, 
7771.282, 9870, 
7771.284, 9870, 
7771.286, 9869, 
7771.288, 9868, 
7771.29, 9866, 
7771.292, 9865, 
7771.294, 9864, 
7771.296, 9863, 
7771.298, 9862, 
7771.3, 9861, 
7771.302, 9860, 
7771.304, 9859, 
7771.306, 9858, 
7771.308, 9857, 
7771.31, 9856, 
7771.312, 9855, 
7771.314, 9854, 
7771.316, 9853, 
7771.318, 9852, 
7771.32, 9851, 
7771.322, 9850, 
7771.324, 9849, 
7771.326, 9848, 
7771.328, 9847, 
7771.33, 9846, 
7771.332, 9845, 
7771.334, 9844, 
7771.336, 9843, 
7771.338, 9842, 
7771.34, 9841, 
7771.342, 9840, 
7771.344, 9840, 
7771.346, 9839, 
7771.348, 9838, 
7771.35, 9837, 
7771.352, 9836, 
7771.354, 9835, 
7771.356, 9834, 
7771.358, 9834, 
7771.36, 9833, 
7771.362, 9832, 
7771.364, 9831, 
7771.366, 9831, 
7771.368, 9830, 
7771.37, 9829, 
7771.372, 9828, 
7771.374, 9828, 
7771.376, 9828, 
7771.378, 9827, 
7771.38, 9826, 
7771.382, 9826, 
7771.384, 9826, 
7771.386, 9826, 
7771.388, 9826, 
7771.39, 9826, 
7771.392, 9826, 
7771.394, 9826, 
7771.396, 9826, 
7771.398, 9826, 
7771.4, 9827, 
7771.402, 9827, 
7771.404, 9827, 
7771.406, 9827, 
7771.408, 9828, 
7771.41, 9829, 
7771.412, 9829, 
7771.414, 9830, 
7771.416, 9830, 
7771.418, 9831, 
7771.42, 9831, 
7771.422, 9832, 
7771.424, 9832, 
7771.426, 9832, 
7771.428, 9834, 
7771.43, 9835, 
7771.432, 9835, 
7771.434, 9836, 
7771.436, 9836, 
7771.438, 9836, 
7771.44, 9837, 
7771.442, 9837, 
7771.444, 9837, 
7771.446, 9838, 
7771.448, 9839, 
7771.45, 9839, 
7771.452, 9840, 
7771.454, 9840, 
7771.456, 9840, 
7771.458, 9841, 
7771.46, 9841, 
7771.462, 9842, 
7771.464, 9842, 
7771.466, 9842, 
7771.468, 9843, 
7771.47, 9843, 
7771.472, 9843, 
7771.474, 9843, 
7771.476, 9843, 
7771.478, 9843, 
7771.48, 9843, 
7771.482, 9843, 
7771.484, 9843, 
7771.486, 9843, 
7771.488, 9843, 
7771.49, 9843, 
7771.492, 9843, 
7771.494, 9843, 
7771.496, 9843, 
7771.498, 9842, 
7771.5, 9842, 
7771.502, 9841, 
7771.504, 9841, 
7771.506, 9840, 
7771.508, 9840, 
7771.51, 9839, 
7771.512, 9839, 
7771.514, 9838, 
7771.516, 9837, 
7771.518, 9836, 
7771.52, 9836, 
7771.522, 9835, 
7771.524, 9834, 
7771.526, 9834, 
7771.528, 9834, 
7771.53, 9833, 
7771.532, 9832, 
7771.534, 9832, 
7771.536, 9831, 
7771.538, 9830, 
7771.54, 9829, 
7771.542, 9829, 
7771.544, 9828, 
7771.546, 9828, 
7771.548, 9827, 
7771.55, 9826, 
7771.552, 9825, 
7771.554, 9825, 
7771.556, 9824, 
7771.558, 9823, 
7771.56, 9823, 
7771.562, 9822, 
7771.564, 9821, 
7771.566, 9819, 
7771.568, 9818, 
7771.57, 9817, 
7771.572, 9816, 
7771.574, 9814, 
7771.576, 9813, 
7771.578, 9812, 
7771.58, 9811, 
7771.582, 9810, 
7771.584, 9808, 
7771.586, 9806, 
7771.588, 9804, 
7771.59, 9803, 
7771.592, 9801, 
7771.594, 9799, 
7771.596, 9797, 
7771.598, 9795, 
7771.6, 9793, 
7771.602, 9791, 
7771.604, 9788, 
7771.606, 9786, 
7771.608, 9784, 
7771.61, 9780, 
7771.612, 9778, 
7771.614, 9775, 
7771.616, 9772, 
7771.618, 9769, 
7771.62, 9766, 
7771.622, 9763, 
7771.624, 9760, 
7771.626, 9758, 
7771.628, 9754, 
7771.63, 9751, 
7771.632, 9749, 
7771.634, 9746, 
7771.636, 9742, 
7771.638, 9739, 
7771.64, 9735, 
7771.642, 9732, 
7771.644, 9728, 
7771.646, 9724, 
7771.648, 9721, 
7771.65, 9717, 
7771.652, 9714, 
7771.654, 9710, 
7771.656, 9706, 
7771.658, 9702, 
7771.66, 9698, 
7771.662, 9695, 
7771.664, 9691, 
7771.666, 9687, 
7771.668, 9683, 
7771.67, 9679, 
7771.672, 9675, 
7771.674, 9673, 
7771.676, 9670, 
7771.678, 9666, 
7771.68, 9662, 
7771.682, 9658, 
7771.684, 9654, 
7771.686, 9651, 
7771.688, 9647, 
7771.69, 9643, 
7771.692, 9639, 
7771.694, 9635, 
7771.696, 9631, 
7771.698, 9627, 
7771.7, 9623, 
7771.702, 9619, 
7771.704, 9614, 
7771.706, 9610, 
7771.708, 9605, 
7771.71, 9600, 
7771.712, 9597, 
7771.714, 9592, 
7771.716, 9587, 
7771.718, 9581, 
7771.72, 9576, 
7771.722, 9571, 
7771.724, 9565, 
7771.726, 9559, 
7771.728, 9552, 
7771.73, 9545, 
7771.732, 9538, 
7771.734, 9530, 
7771.736, 9523, 
7771.738, 9515, 
7771.74, 9507, 
7771.742, 9499, 
7771.744, 9490, 
7771.746, 9480, 
7771.748, 9470, 
7771.75, 9459, 
7771.752, 9448, 
7771.754, 9437, 
7771.756, 9425, 
7771.758, 9415, 
7771.76, 9402, 
7771.762, 9389, 
7771.764, 9375, 
7771.766, 9359, 
7771.768, 9343, 
7771.77, 9326, 
7771.772, 9309, 
7771.774, 9291, 
7771.776, 9271, 
7771.778, 9253, 
7771.78, 9234, 
7771.782, 9213, 
7771.784, 9191, 
7771.786, 9168, 
7771.788, 9145, 
7771.79, 9122, 
7771.792, 9099, 
7771.794, 9077, 
7771.796, 9053, 
7771.798, 9029, 
7771.8, 9004, 
7771.802, 8978, 
7771.804, 8951, 
7771.806, 8923, 
7771.808, 8895, 
7771.81, 8866, 
7771.812, 8835, 
7771.814, 8805, 
7771.816, 8775, 
7771.818, 8744, 
7771.82, 8710, 
7771.822, 8678, 
7771.824, 8646, 
7771.826, 8612, 
7771.828, 8580, 
7771.83, 8546, 
7771.832, 8513, 
7771.834, 8481, 
7771.836, 8448, 
7771.838, 8415, 
7771.84, 8381, 
7771.842, 8347, 
7771.844, 8312, 
7771.846, 8275, 
7771.848, 8238, 
7771.85, 8199, 
7771.852, 8161, 
7771.854, 8121, 
7771.856, 8080, 
7771.858, 8042, 
7771.86, 8002, 
7771.862, 7963, 
7771.864, 7926, 
7771.866, 7887, 
7771.868, 7848, 
7771.87, 7809, 
7771.872, 7770, 
7771.874, 7732, 
7771.876, 7693, 
7771.878, 7655, 
7771.88, 7618, 
7771.882, 7579, 
7771.884, 7540, 
7771.886, 7500, 
7771.888, 7460, 
7771.89, 7419, 
7771.892, 7380, 
7771.894, 7340, 
7771.896, 7301, 
7771.898, 7263, 
7771.9, 7223, 
7771.902, 7187, 
7771.904, 7150, 
7771.906, 7113, 
7771.908, 7079, 
7771.91, 7044, 
7771.912, 7010, 
7771.914, 6977, 
7771.916, 6944, 
7771.918, 6911, 
7771.92, 6880, 
7771.922, 6851, 
7771.924, 6823, 
7771.926, 6795, 
7771.928, 6770, 
7771.93, 6745, 
7771.932, 6722, 
7771.934, 6700, 
7771.936, 6680, 
7771.938, 6662, 
7771.94, 6644, 
7771.942, 6627, 
7771.944, 6611, 
7771.946, 6597, 
7771.948, 6585, 
7771.95, 6574, 
7771.952, 6565, 
7771.954, 6557, 
7771.956, 6551, 
7771.958, 6547, 
7771.96, 6544, 
7771.962, 6543, 
7771.964, 6544, 
7771.966, 6546, 
7771.968, 6551, 
7771.97, 6557, 
7771.972, 6565, 
7771.974, 6574, 
7771.976, 6585, 
7771.978, 6600, 
7771.98, 6614, 
7771.982, 6632, 
7771.984, 6649, 
7771.986, 6668, 
7771.988, 6690, 
7771.99, 6712, 
7771.992, 6738, 
7771.994, 6765, 
7771.996, 6793, 
7771.998, 6823, 
7772.0, 6852, 
7772.002, 6886, 
7772.004, 6920, 
7772.006, 6955, 
7772.008, 6993, 
7772.01, 7031, 
7772.012, 7069, 
7772.014, 7110, 
7772.016, 7151, 
7772.018, 7194, 
7772.02, 7237, 
7772.022, 7280, 
7772.024, 7327, 
7772.026, 7373, 
7772.028, 7420, 
7772.03, 7470, 
7772.032, 7520, 
7772.034, 7570, 
7772.036, 7619, 
7772.038, 7669, 
7772.04, 7717, 
7772.042, 7765, 
7772.044, 7812, 
7772.046, 7858, 
7772.048, 7904, 
7772.05, 7948, 
7772.052, 7993, 
7772.054, 8040, 
7772.056, 8086, 
7772.058, 8132, 
7772.06, 8177, 
7772.062, 8223, 
7772.064, 8269, 
7772.066, 8313, 
7772.068, 8358, 
7772.07, 8401, 
7772.072, 8444, 
7772.074, 8488, 
7772.076, 8528, 
7772.078, 8568, 
7772.08, 8607, 
7772.082, 8643, 
7772.084, 8680, 
7772.086, 8715, 
7772.088, 8747, 
7772.09, 8780, 
7772.092, 8814, 
7772.094, 8846, 
7772.096, 8878, 
7772.098, 8909, 
7772.1, 8939, 
7772.102, 8968, 
7772.104, 8996, 
7772.106, 9023, 
7772.108, 9048, 
7772.11, 9073, 
7772.112, 9098, 
7772.114, 9123, 
7772.116, 9148, 
7772.118, 9172, 
7772.12, 9192, 
7772.122, 9214, 
7772.124, 9232, 
7772.126, 9252, 
7772.128, 9271, 
7772.13, 9289, 
7772.132, 9307, 
7772.134, 9325, 
7772.136, 9341, 
7772.138, 9358, 
7772.14, 9373, 
7772.142, 9388, 
7772.144, 9403, 
7772.146, 9416, 
7772.148, 9429, 
7772.15, 9442, 
7772.152, 9456, 
7772.154, 9469, 
7772.156, 9482, 
7772.158, 9494, 
7772.16, 9504, 
7772.162, 9515, 
7772.164, 9525, 
7772.166, 9536, 
7772.168, 9546, 
7772.17, 9556, 
7772.172, 9565, 
7772.174, 9574, 
7772.176, 9583, 
7772.178, 9592, 
7772.18, 9600, 
7772.182, 9608, 
7772.184, 9616, 
7772.186, 9623, 
7772.188, 9630, 
7772.19, 9637, 
7772.192, 9644, 
7772.194, 9652, 
7772.196, 9658, 
7772.198, 9664, 
7772.2, 9670, 
7772.202, 9675, 
7772.204, 9680, 
7772.206, 9686, 
7772.208, 9691, 
7772.21, 9696, 
7772.212, 9700, 
7772.214, 9705, 
7772.216, 9710, 
7772.218, 9714, 
7772.22, 9719, 
7772.222, 9723, 
7772.224, 9727, 
7772.226, 9731, 
7772.228, 9735, 
7772.23, 9739, 
7772.232, 9742, 
7772.234, 9745, 
7772.236, 9748, 
7772.238, 9752, 
7772.24, 9755, 
7772.242, 9758, 
7772.244, 9761, 
7772.246, 9764, 
7772.248, 9767, 
7772.25, 9769, 
7772.252, 9773, 
7772.254, 9775, 
7772.256, 9777, 
7772.258, 9779, 
7772.26, 9782, 
7772.262, 9784, 
7772.264, 9786, 
7772.266, 9788, 
7772.268, 9790, 
7772.27, 9792, 
7772.272, 9793, 
7772.274, 9795, 
7772.276, 9797, 
7772.278, 9798, 
7772.28, 9800, 
7772.282, 9801, 
7772.284, 9802, 
7772.286, 9804, 
7772.288, 9805, 
7772.29, 9807, 
7772.292, 9808, 
7772.294, 9809, 
7772.296, 9810, 
7772.298, 9812, 
7772.3, 9813, 
7772.302, 9814, 
7772.304, 9815, 
7772.306, 9816, 
7772.308, 9817, 
7772.31, 9818, 
7772.312, 9819, 
7772.314, 9820, 
7772.316, 9821, 
7772.318, 9822, 
7772.32, 9823, 
7772.322, 9824, 
7772.324, 9825, 
7772.326, 9826, 
7772.328, 9827, 
7772.33, 9828, 
7772.332, 9829, 
7772.334, 9830, 
7772.336, 9831, 
7772.338, 9832, 
7772.34, 9833, 
7772.342, 9833, 
7772.344, 9834, 
7772.346, 9835, 
7772.348, 9836, 
7772.35, 9836, 
7772.352, 9837, 
7772.354, 9838, 
7772.356, 9839, 
7772.358, 9840, 
7772.36, 9841, 
7772.362, 9841, 
7772.364, 9842, 
7772.366, 9843, 
7772.368, 9843, 
7772.37, 9844, 
7772.372, 9844, 
7772.374, 9845, 
7772.376, 9846, 
7772.378, 9847, 
7772.38, 9848, 
7772.382, 9848, 
7772.384, 9849, 
7772.386, 9850, 
7772.388, 9850, 
7772.39, 9851, 
7772.392, 9852, 
7772.394, 9852, 
7772.396, 9853, 
7772.398, 9854, 
7772.4, 9855, 
7772.402, 9855, 
7772.404, 9856, 
7772.406, 9856, 
7772.408, 9856, 
7772.41, 9857, 
7772.412, 9858, 
7772.414, 9858, 
7772.416, 9859, 
7772.418, 9859, 
7772.42, 9860, 
7772.422, 9860, 
7772.424, 9861, 
7772.426, 9861, 
7772.428, 9862, 
7772.43, 9862, 
7772.432, 9863, 
7772.434, 9863, 
7772.436, 9864, 
7772.438, 9864, 
7772.44, 9864, 
7772.442, 9865, 
7772.444, 9865, 
7772.446, 9866, 
7772.448, 9866, 
7772.45, 9867, 
7772.452, 9867, 
7772.454, 9867, 
7772.456, 9867, 
7772.458, 9867, 
7772.46, 9867, 
7772.462, 9867, 
7772.464, 9867, 
7772.466, 9867, 
7772.468, 9867, 
7772.47, 9866, 
7772.472, 9866, 
7772.474, 9866, 
7772.476, 9865, 
7772.478, 9864, 
7772.48, 9862, 
7772.482, 9861, 
7772.484, 9860, 
7772.486, 9859, 
7772.488, 9858, 
7772.49, 9857, 
7772.492, 9856, 
7772.494, 9855, 
7772.496, 9854, 
7772.498, 9853, 
7772.5, 9851, 
7772.502, 9849, 
7772.504, 9848, 
7772.506, 9846, 
7772.508, 9844, 
7772.51, 9842, 
7772.512, 9841, 
7772.514, 9838, 
7772.516, 9836, 
7772.518, 9834, 
7772.52, 9832, 
7772.522, 9830, 
7772.524, 9827, 
7772.526, 9825, 
7772.528, 9822, 
7772.53, 9820, 
7772.532, 9817, 
7772.534, 9814, 
7772.536, 9812, 
7772.538, 9809, 
7772.54, 9806, 
7772.542, 9803, 
7772.544, 9800, 
7772.546, 9798, 
7772.548, 9795, 
7772.55, 9793, 
7772.552, 9790, 
7772.554, 9787, 
7772.556, 9785, 
7772.558, 9782, 
7772.56, 9779, 
7772.562, 9777, 
7772.564, 9774, 
7772.566, 9772, 
7772.568, 9770, 
7772.57, 9768, 
7772.572, 9766, 
7772.574, 9765, 
7772.576, 9764, 
7772.578, 9762, 
7772.58, 9761, 
7772.582, 9761, 
7772.584, 9760, 
7772.586, 9759, 
7772.588, 9759, 
7772.59, 9758, 
7772.592, 9757, 
7772.594, 9758, 
7772.596, 9758, 
7772.598, 9758, 
7772.6, 9759, 
7772.602, 9759, 
7772.604, 9760, 
7772.606, 9761, 
7772.608, 9761, 
7772.61, 9762, 
7772.612, 9763, 
7772.614, 9765, 
7772.616, 9766, 
7772.618, 9767, 
7772.62, 9769, 
7772.622, 9771, 
7772.624, 9772, 
7772.626, 9774, 
7772.628, 9776, 
7772.63, 9777, 
7772.632, 9779, 
7772.634, 9781, 
7772.636, 9783, 
7772.638, 9785, 
7772.64, 9787, 
7772.642, 9789, 
7772.644, 9791, 
7772.646, 9793, 
7772.648, 9794, 
7772.65, 9796, 
7772.652, 9798, 
7772.654, 9800, 
7772.656, 9802, 
7772.658, 9803, 
7772.66, 9805, 
7772.662, 9806, 
7772.664, 9808, 
7772.666, 9810, 
7772.668, 9811, 
7772.67, 9813, 
7772.672, 9814, 
7772.674, 9816, 
7772.676, 9817, 
7772.678, 9817, 
7772.68, 9818, 
7772.682, 9820, 
7772.684, 9821, 
7772.686, 9822, 
7772.688, 9824, 
7772.69, 9825, 
7772.692, 9826, 
7772.694, 9828, 
7772.696, 9829, 
7772.698, 9830, 
7772.7, 9832, 
7772.702, 9834, 
7772.704, 9835, 
7772.706, 9836, 
7772.708, 9838, 
7772.71, 9839, 
7772.712, 9840, 
7772.714, 9841, 
7772.716, 9843, 
7772.718, 9844, 
7772.72, 9845, 
7772.722, 9846, 
7772.724, 9847, 
7772.726, 9848, 
7772.728, 9849, 
7772.73, 9850, 
7772.732, 9851, 
7772.734, 9852, 
7772.736, 9853, 
7772.738, 9853, 
7772.74, 9854, 
7772.742, 9854, 
7772.744, 9855, 
7772.746, 9855, 
7772.748, 9856, 
7772.75, 9856, 
7772.752, 9856, 
7772.754, 9856, 
7772.756, 9856, 
7772.758, 9856, 
7772.76, 9856, 
7772.762, 9856, 
7772.764, 9856, 
7772.766, 9856, 
7772.768, 9856, 
7772.77, 9856, 
7772.772, 9856, 
7772.774, 9856, 
7772.776, 9856, 
7772.778, 9855, 
7772.78, 9854, 
7772.782, 9854, 
7772.784, 9853, 
7772.786, 9853, 
7772.788, 9852, 
7772.79, 9851, 
7772.792, 9851, 
7772.794, 9849, 
7772.796, 9849, 
7772.798, 9847, 
7772.8, 9847, 
7772.802, 9845, 
7772.804, 9844, 
7772.806, 9843, 
7772.808, 9843, 
7772.81, 9841, 
7772.812, 9841, 
7772.814, 9839, 
7772.816, 9838, 
7772.818, 9838, 
7772.82, 9837, 
7772.822, 9836, 
7772.824, 9834, 
7772.826, 9833, 
7772.828, 9832, 
7772.83, 9831, 
7772.832, 9830, 
7772.834, 9829, 
7772.836, 9828, 
7772.838, 9827, 
7772.84, 9826, 
7772.842, 9825, 
7772.844, 9824, 
7772.846, 9822, 
7772.848, 9821, 
7772.85, 9820, 
7772.852, 9819, 
7772.854, 9818, 
7772.856, 9817, 
7772.858, 9815, 
7772.86, 9814, 
7772.862, 9813, 
7772.864, 9812, 
7772.866, 9811, 
7772.868, 9810, 
7772.87, 9809, 
7772.872, 9808, 
7772.874, 9807, 
7772.876, 9807, 
7772.878, 9806, 
7772.88, 9805, 
7772.882, 9805, 
7772.884, 9805, 
7772.886, 9804, 
7772.888, 9803, 
7772.89, 9803, 
7772.892, 9803, 
7772.894, 9803, 
7772.896, 9803, 
7772.898, 9803, 
7772.9, 9803, 
7772.902, 9804, 
7772.904, 9804, 
7772.906, 9804, 
7772.908, 9805, 
7772.91, 9805, 
7772.912, 9805, 
7772.914, 9806, 
7772.916, 9807, 
7772.918, 9807, 
7772.92, 9808, 
7772.922, 9808, 
7772.924, 9809, 
7772.926, 9810, 
7772.928, 9811, 
7772.93, 9812, 
7772.932, 9813, 
7772.934, 9813, 
7772.936, 9814, 
7772.938, 9815, 
7772.94, 9815, 
7772.942, 9816, 
7772.944, 9817, 
7772.946, 9818, 
7772.948, 9819, 
7772.95, 9819, 
7772.952, 9820, 
7772.954, 9820, 
7772.956, 9821, 
7772.958, 9822, 
7772.96, 9823, 
7772.962, 9823, 
7772.964, 9824, 
7772.966, 9824, 
7772.968, 9824, 
7772.97, 9825, 
7772.972, 9826, 
7772.974, 9826, 
7772.976, 9826, 
7772.978, 9827, 
7772.98, 9828, 
7772.982, 9828, 
7772.984, 9828, 
7772.986, 9828, 
7772.988, 9828, 
7772.99, 9828, 
7772.992, 9829, 
7772.994, 9829, 
7772.996, 9829, 
7772.998, 9828, 
7773.0, 9829, 
7773.002, 9830, 
7773.004, 9830, 
7773.006, 9830, 
7773.008, 9830, 
7773.01, 9830, 
7773.012, 9830, 
7773.014, 9830, 
7773.016, 9830, 
7773.018, 9830, 
7773.02, 9831, 
7773.022, 9831, 
7773.024, 9831, 
7773.026, 9831, 
7773.028, 9831, 
7773.03, 9831, 
7773.032, 9832, 
7773.034, 9832, 
7773.036, 9832, 
7773.038, 9832, 
7773.04, 9833, 
7773.042, 9833, 
7773.044, 9833, 
7773.046, 9834, 
7773.048, 9835, 
7773.05, 9835, 
7773.052, 9835, 
7773.054, 9836, 
7773.056, 9836, 
7773.058, 9837, 
7773.06, 9838, 
7773.062, 9838, 
7773.064, 9838, 
7773.066, 9839, 
7773.068, 9840, 
7773.07, 9841, 
7773.072, 9841, 
7773.074, 9842, 
7773.076, 9844, 
7773.078, 9844, 
7773.08, 9845, 
7773.082, 9846, 
7773.084, 9847, 
7773.086, 9848, 
7773.088, 9849, 
7773.09, 9850, 
7773.092, 9851, 
7773.094, 9852, 
7773.096, 9853, 
7773.098, 9854, 
7773.1, 9855, 
7773.102, 9856, 
7773.104, 9856, 
7773.106, 9857, 
7773.108, 9858, 
7773.11, 9859, 
7773.112, 9860, 
7773.114, 9861, 
7773.116, 9863, 
7773.118, 9863, 
7773.12, 9864, 
7773.122, 9865, 
7773.124, 9866, 
7773.126, 9866, 
7773.128, 9867, 
7773.13, 9868, 
7773.132, 9869, 
7773.134, 9869, 
7773.136, 9870, 
7773.138, 9870, 
7773.14, 9871, 
7773.142, 9872, 
7773.144, 9872, 
7773.146, 9874, 
7773.148, 9874, 
7773.15, 9874, 
7773.152, 9875, 
7773.154, 9875, 
7773.156, 9876, 
7773.158, 9876, 
7773.16, 9877, 
7773.162, 9877, 
7773.164, 9877, 
7773.166, 9877, 
7773.168, 9878, 
7773.17, 9878, 
7773.172, 9879, 
7773.174, 9879, 
7773.176, 9879, 
7773.178, 9880, 
7773.18, 9881, 
7773.182, 9880, 
7773.184, 9881, 
7773.186, 9881, 
7773.188, 9881, 
7773.19, 9882, 
7773.192, 9882, 
7773.194, 9882, 
7773.196, 9882, 
7773.198, 9882, 
7773.2, 9882, 
7773.202, 9883, 
7773.204, 9883, 
7773.206, 9883, 
7773.208, 9884, 
7773.21, 9884, 
7773.212, 9884, 
7773.214, 9884, 
7773.216, 9884, 
7773.218, 9884, 
7773.22, 9886, 
7773.222, 9886, 
7773.224, 9886, 
7773.226, 9886, 
7773.228, 9887, 
7773.23, 9887, 
7773.232, 9886, 
7773.234, 9887, 
7773.236, 9887, 
7773.238, 9887, 
7773.24, 9887, 
7773.242, 9887, 
7773.244, 9887, 
7773.246, 9887, 
7773.248, 9887, 
7773.25, 9887, 
7773.252, 9887, 
7773.254, 9887, 
7773.256, 9887, 
7773.258, 9887, 
7773.26, 9887, 
7773.262, 9887, 
7773.264, 9887, 
7773.266, 9886, 
7773.268, 9887, 
7773.27, 9886, 
7773.272, 9886, 
7773.274, 9886, 
7773.276, 9886, 
7773.278, 9886, 
7773.28, 9886, 
7773.282, 9886, 
7773.284, 9885, 
7773.286, 9885, 
7773.288, 9885, 
7773.29, 9884, 
7773.292, 9884, 
7773.294, 9884, 
7773.296, 9884, 
7773.298, 9884, 
7773.3, 9884, 
7773.302, 9883, 
7773.304, 9883, 
7773.306, 9883, 
7773.308, 9882, 
7773.31, 9882, 
7773.312, 9881, 
7773.314, 9881, 
7773.316, 9880, 
7773.318, 9880, 
7773.32, 9880, 
7773.322, 9879, 
7773.324, 9879, 
7773.326, 9879, 
7773.328, 9879, 
7773.33, 9879, 
7773.332, 9878, 
7773.334, 9878, 
7773.336, 9879, 
7773.338, 9878, 
7773.34, 9879, 
7773.342, 9878, 
7773.344, 9878, 
7773.346, 9878, 
7773.348, 9878, 
7773.35, 9879, 
7773.352, 9879, 
7773.354, 9879, 
7773.356, 9879, 
7773.358, 9879, 
7773.36, 9879, 
7773.362, 9879, 
7773.364, 9879, 
7773.366, 9879, 
7773.368, 9879, 
7773.37, 9879, 
7773.372, 9879, 
7773.374, 9880, 
7773.376, 9880, 
7773.378, 9879, 
7773.38, 9879, 
7773.382, 9879, 
7773.384, 9879, 
7773.386, 9879, 
7773.388, 9879, 
7773.39, 9879, 
7773.392, 9878, 
7773.394, 9878, 
7773.396, 9878, 
7773.398, 9878, 
7773.4, 9878, 
7773.402, 9878, 
7773.404, 9878, 
7773.406, 9878, 
7773.408, 9878, 
7773.41, 9879, 
7773.412, 9879, 
7773.414, 9879, 
7773.416, 9879, 
7773.418, 9879, 
7773.42, 9879, 
7773.422, 9879, 
7773.424, 9879, 
7773.426, 9879, 
7773.428, 9880, 
7773.43, 9880, 
7773.432, 9880, 
7773.434, 9880, 
7773.436, 9880, 
7773.438, 9880, 
7773.44, 9879, 
7773.442, 9879, 
7773.444, 9880, 
7773.446, 9879, 
7773.448, 9879, 
7773.45, 9880, 
7773.452, 9880, 
7773.454, 9880, 
7773.456, 9880, 
7773.458, 9880, 
7773.46, 9879, 
7773.462, 9880, 
7773.464, 9879, 
7773.466, 9879, 
7773.468, 9879, 
7773.47, 9879, 
7773.472, 9879, 
7773.474, 9879, 
7773.476, 9879, 
7773.478, 9878, 
7773.48, 9878, 
7773.482, 9878, 
7773.484, 9879, 
7773.486, 9878, 
7773.488, 9878, 
7773.49, 9878, 
7773.492, 9878, 
7773.494, 9878, 
7773.496, 9878, 
7773.498, 9878, 
7773.5, 9878, 
7773.502, 9878, 
7773.504, 9877, 
7773.506, 9877, 
7773.508, 9877, 
7773.51, 9876, 
7773.512, 9876, 
7773.514, 9876, 
7773.516, 9876, 
7773.518, 9875, 
7773.52, 9875, 
7773.522, 9874, 
7773.524, 9874, 
7773.526, 9873, 
7773.528, 9874, 
7773.53, 9874, 
7773.532, 9873, 
7773.534, 9873, 
7773.536, 9873, 
7773.538, 9872, 
7773.54, 9872, 
7773.542, 9871, 
7773.544, 9871, 
7773.546, 9871, 
7773.548, 9871, 
7773.55, 9871, 
7773.552, 9871, 
7773.554, 9871, 
7773.556, 9871, 
7773.558, 9871, 
7773.56, 9871, 
7773.562, 9872, 
7773.564, 9872, 
7773.566, 9872, 
7773.568, 9872, 
7773.57, 9872, 
7773.572, 9873, 
7773.574, 9873, 
7773.576, 9873, 
7773.578, 9874, 
7773.58, 9874, 
7773.582, 9874, 
7773.584, 9875, 
7773.586, 9875, 
7773.588, 9875, 
7773.59, 9875, 
7773.592, 9875, 
7773.594, 9875, 
7773.596, 9876, 
7773.598, 9876, 
7773.6, 9876, 
7773.602, 9876, 
7773.604, 9877, 
7773.606, 9877, 
7773.608, 9877, 
7773.61, 9877, 
7773.612, 9877, 
7773.614, 9877, 
7773.616, 9877, 
7773.618, 9876, 
7773.62, 9876, 
7773.622, 9876, 
7773.624, 9876, 
7773.626, 9875, 
7773.628, 9875, 
7773.63, 9874, 
7773.632, 9874, 
7773.634, 9873, 
7773.636, 9873, 
7773.638, 9872, 
7773.64, 9871, 
7773.642, 9871, 
7773.644, 9870, 
7773.646, 9870, 
7773.648, 9869, 
7773.65, 9869, 
7773.652, 9868, 
7773.654, 9868, 
7773.656, 9867, 
7773.658, 9867, 
7773.66, 9867, 
7773.662, 9866, 
7773.664, 9866, 
7773.666, 9866, 
7773.668, 9866, 
7773.67, 9866, 
7773.672, 9866, 
7773.674, 9866, 
7773.676, 9866, 
7773.678, 9866, 
7773.68, 9866, 
7773.682, 9867, 
7773.684, 9868, 
7773.686, 9868, 
7773.688, 9868, 
7773.69, 9868, 
7773.692, 9868, 
7773.694, 9869, 
7773.696, 9869, 
7773.698, 9869, 
7773.7, 9869, 
7773.702, 9868, 
7773.704, 9868, 
7773.706, 9868, 
7773.708, 9868, 
7773.71, 9868, 
7773.712, 9867, 
7773.714, 9867, 
7773.716, 9867, 
7773.718, 9867, 
7773.72, 9866, 
7773.722, 9866, 
7773.724, 9866, 
7773.726, 9865, 
7773.728, 9865, 
7773.73, 9865, 
7773.732, 9864, 
7773.734, 9864, 
7773.736, 9864, 
7773.738, 9863, 
7773.74, 9863, 
7773.742, 9863, 
7773.744, 9862, 
7773.746, 9862, 
7773.748, 9861, 
7773.75, 9860, 
7773.752, 9860, 
7773.754, 9859, 
7773.756, 9859, 
7773.758, 9859, 
7773.76, 9857, 
7773.762, 9858, 
7773.764, 9857, 
7773.766, 9856, 
7773.768, 9856, 
7773.77, 9856, 
7773.772, 9855, 
7773.774, 9854, 
7773.776, 9853, 
7773.778, 9852, 
7773.78, 9852, 
7773.782, 9851, 
7773.784, 9850, 
7773.786, 9849, 
7773.788, 9848, 
7773.79, 9848, 
7773.792, 9847, 
7773.794, 9846, 
7773.796, 9845, 
7773.798, 9845, 
7773.8, 9845, 
7773.802, 9844, 
7773.804, 9843, 
7773.806, 9843, 
7773.808, 9842, 
7773.81, 9842, 
7773.812, 9842, 
7773.814, 9841, 
7773.816, 9841, 
7773.818, 9840, 
7773.82, 9839, 
7773.822, 9839, 
7773.824, 9838, 
7773.826, 9837, 
7773.828, 9836, 
7773.83, 9835, 
7773.832, 9835, 
7773.834, 9833, 
7773.836, 9832, 
7773.838, 9831, 
7773.84, 9830, 
7773.842, 9828, 
7773.844, 9827, 
7773.846, 9826, 
7773.848, 9823, 
7773.85, 9822, 
7773.852, 9821, 
7773.854, 9819, 
7773.856, 9817, 
7773.858, 9815, 
7773.86, 9813, 
7773.862, 9811, 
7773.864, 9809, 
7773.866, 9807, 
7773.868, 9804, 
7773.87, 9802, 
7773.872, 9800, 
7773.874, 9798, 
7773.876, 9795, 
7773.878, 9793, 
7773.88, 9791, 
7773.882, 9788, 
7773.884, 9786, 
7773.886, 9783, 
7773.888, 9781, 
7773.89, 9778, 
7773.892, 9775, 
7773.894, 9772, 
7773.896, 9769, 
7773.898, 9766, 
7773.9, 9763, 
7773.902, 9760, 
7773.904, 9757, 
7773.906, 9754, 
7773.908, 9750, 
7773.91, 9746, 
7773.912, 9743, 
7773.914, 9740, 
7773.916, 9736, 
7773.918, 9732, 
7773.92, 9727, 
7773.922, 9723, 
7773.924, 9718, 
7773.926, 9714, 
7773.928, 9708, 
7773.93, 9703, 
7773.932, 9698, 
7773.934, 9693, 
7773.936, 9687, 
7773.938, 9681, 
7773.94, 9675, 
7773.942, 9669, 
7773.944, 9662, 
7773.946, 9656, 
7773.948, 9649, 
7773.95, 9642, 
7773.952, 9634, 
7773.954, 9627, 
7773.956, 9619, 
7773.958, 9610, 
7773.96, 9600, 
7773.962, 9591, 
7773.964, 9580, 
7773.966, 9569, 
7773.968, 9558, 
7773.97, 9546, 
7773.972, 9535, 
7773.974, 9523, 
7773.976, 9511, 
7773.978, 9499, 
7773.98, 9484, 
7773.982, 9469, 
7773.984, 9454, 
7773.986, 9438, 
7773.988, 9422, 
7773.99, 9405, 
7773.992, 9388, 
7773.994, 9371, 
7773.996, 9353, 
7773.998, 9333, 
7774.0, 9315, 
7774.002, 9294, 
7774.004, 9275, 
7774.006, 9254, 
7774.008, 9232, 
7774.01, 9208, 
7774.012, 9184, 
7774.014, 9160, 
7774.016, 9135, 
7774.018, 9108, 
7774.02, 9081, 
7774.022, 9055, 
7774.024, 9028, 
7774.026, 8998, 
7774.028, 8969, 
7774.03, 8941, 
7774.032, 8909, 
7774.034, 8879, 
7774.036, 8848, 
7774.038, 8817, 
7774.04, 8785, 
7774.042, 8753, 
7774.044, 8723, 
7774.046, 8690, 
7774.048, 8659, 
7774.05, 8628, 
7774.052, 8598, 
7774.054, 8567, 
7774.056, 8535, 
7774.058, 8504, 
7774.06, 8470, 
7774.062, 8437, 
7774.064, 8402, 
7774.066, 8369, 
7774.068, 8333, 
7774.07, 8297, 
7774.072, 8261, 
7774.074, 8223, 
7774.076, 8186, 
7774.078, 8150, 
7774.08, 8113, 
7774.082, 8075, 
7774.084, 8040, 
7774.086, 8004, 
7774.088, 7967, 
7774.09, 7933, 
7774.092, 7898, 
7774.094, 7861, 
7774.096, 7827, 
7774.098, 7792, 
7774.1, 7757, 
7774.102, 7723, 
7774.104, 7690, 
7774.106, 7657, 
7774.108, 7622, 
7774.11, 7589, 
7774.112, 7556, 
7774.114, 7522, 
7774.116, 7489, 
7774.118, 7456, 
7774.12, 7424, 
7774.122, 7391, 
7774.124, 7361, 
7774.126, 7332, 
7774.128, 7302, 
7774.13, 7272, 
7774.132, 7244, 
7774.134, 7214, 
7774.136, 7187, 
7774.138, 7158, 
7774.14, 7133, 
7774.142, 7109, 
7774.144, 7085, 
7774.146, 7064, 
7774.148, 7044, 
7774.15, 7026, 
7774.152, 7010, 
7774.154, 6995, 
7774.156, 6982, 
7774.158, 6969, 
7774.16, 6957, 
7774.162, 6947, 
7774.164, 6938, 
7774.166, 6931, 
7774.168, 6925, 
7774.17, 6920, 
7774.172, 6918, 
7774.174, 6916, 
7774.176, 6916, 
7774.178, 6917, 
7774.18, 6919, 
7774.182, 6923, 
7774.184, 6927, 
7774.186, 6935, 
7774.188, 6944, 
7774.19, 6954, 
7774.192, 6970, 
7774.194, 6985, 
7774.196, 7002, 
7774.198, 7020, 
7774.2, 7040, 
7774.202, 7061, 
7774.204, 7084, 
7774.206, 7107, 
7774.208, 7132, 
7774.21, 7158, 
7774.212, 7187, 
7774.214, 7218, 
7774.216, 7250, 
7774.218, 7283, 
7774.22, 7317, 
7774.222, 7352, 
7774.224, 7387, 
7774.226, 7423, 
7774.228, 7461, 
7774.23, 7499, 
7774.232, 7537, 
7774.234, 7578, 
7774.236, 7617, 
7774.238, 7660, 
7774.24, 7704, 
7774.242, 7748, 
7774.244, 7793, 
7774.246, 7838, 
7774.248, 7883, 
7774.25, 7927, 
7774.252, 7972, 
7774.254, 8016, 
7774.256, 8058, 
7774.258, 8101, 
7774.26, 8144, 
7774.262, 8185, 
7774.264, 8228, 
7774.266, 8270, 
7774.268, 8310, 
7774.27, 8353, 
7774.272, 8393, 
7774.274, 8434, 
7774.276, 8476, 
7774.278, 8514, 
7774.28, 8552, 
7774.282, 8590, 
7774.284, 8627, 
7774.286, 8663, 
7774.288, 8700, 
7774.29, 8737, 
7774.292, 8773, 
7774.294, 8808, 
7774.296, 8842, 
7774.298, 8874, 
7774.3, 8904, 
7774.302, 8934, 
7774.304, 8958, 
7774.306, 8985, 
7774.308, 9010, 
7774.31, 9033, 
7774.312, 9058, 
7774.314, 9082, 
7774.316, 9106, 
7774.318, 9130, 
7774.32, 9155, 
7774.322, 9180, 
7774.324, 9203, 
7774.326, 9226, 
7774.328, 9249, 
7774.33, 9266, 
7774.332, 9284, 
7774.334, 9303, 
7774.336, 9321, 
7774.338, 9340, 
7774.34, 9358, 
7774.342, 9375, 
7774.344, 9392, 
7774.346, 9406, 
7774.348, 9422, 
7774.35, 9437, 
7774.352, 9451, 
7774.354, 9464, 
7774.356, 9475, 
7774.358, 9487, 
7774.36, 9499, 
7774.362, 9511, 
7774.364, 9521, 
7774.366, 9531, 
7774.368, 9542, 
7774.37, 9552, 
7774.372, 9562, 
7774.374, 9572, 
7774.376, 9582, 
7774.378, 9591, 
7774.38, 9600, 
7774.382, 9609, 
7774.384, 9618, 
7774.386, 9626, 
7774.388, 9634, 
7774.39, 9641, 
7774.392, 9648, 
7774.394, 9656, 
7774.396, 9663, 
7774.398, 9670, 
7774.4, 9676, 
7774.402, 9683, 
7774.404, 9689, 
7774.406, 9695, 
7774.408, 9701, 
7774.41, 9707, 
7774.412, 9712, 
7774.414, 9717, 
7774.416, 9722, 
7774.418, 9727, 
7774.42, 9731, 
7774.422, 9735, 
7774.424, 9739, 
7774.426, 9742, 
7774.428, 9745, 
7774.43, 9749, 
7774.432, 9753, 
7774.434, 9757, 
7774.436, 9761, 
7774.438, 9764, 
7774.44, 9767, 
7774.442, 9771, 
7774.444, 9775, 
7774.446, 9777, 
7774.448, 9781, 
7774.45, 9784, 
7774.452, 9787, 
7774.454, 9790, 
7774.456, 9791, 
7774.458, 9794, 
7774.46, 9797, 
7774.462, 9800, 
7774.464, 9802, 
7774.466, 9804, 
7774.468, 9807, 
7774.47, 9809, 
7774.472, 9811, 
7774.474, 9813, 
7774.476, 9816, 
7774.478, 9817, 
7774.48, 9819, 
7774.482, 9820, 
7774.484, 9822, 
7774.486, 9824, 
7774.488, 9826, 
7774.49, 9828, 
7774.492, 9829, 
7774.494, 9831, 
7774.496, 9833, 
7774.498, 9834, 
7774.5, 9835, 
7774.502, 9837, 
7774.504, 9838, 
7774.506, 9840, 
7774.508, 9841, 
7774.51, 9842, 
7774.512, 9843, 
7774.514, 9845, 
7774.516, 9846, 
7774.518, 9847, 
7774.52, 9849, 
7774.522, 9850, 
7774.524, 9851, 
7774.526, 9852, 
7774.528, 9853, 
7774.53, 9855, 
7774.532, 9856, 
7774.534, 9855, 
7774.536, 9856, 
7774.538, 9856, 
7774.54, 9856, 
7774.542, 9857, 
7774.544, 9858, 
7774.546, 9859, 
7774.548, 9859, 
7774.55, 9860, 
7774.552, 9860, 
7774.554, 9861, 
7774.556, 9862, 
7774.558, 9861, 
7774.56, 9861, 
7774.562, 9862, 
7774.564, 9863, 
7774.566, 9863, 
7774.568, 9863, 
7774.57, 9863, 
7774.572, 9864, 
7774.574, 9864, 
7774.576, 9865, 
7774.578, 9865, 
7774.58, 9865, 
7774.582, 9864, 
7774.584, 9865, 
7774.586, 9865, 
7774.588, 9866, 
7774.59, 9866, 
7774.592, 9867, 
7774.594, 9867, 
7774.596, 9867, 
7774.598, 9867, 
7774.6, 9868, 
7774.602, 9868, 
7774.604, 9869, 
7774.606, 9868, 
7774.608, 9868, 
7774.61, 9868, 
7774.612, 9868, 
7774.614, 9868, 
7774.616, 9869, 
7774.618, 9869, 
7774.62, 9870, 
7774.622, 9870, 
7774.624, 9870, 
7774.626, 9870, 
7774.628, 9869, 
7774.63, 9870, 
7774.632, 9870, 
7774.634, 9871, 
7774.636, 9871, 
7774.638, 9872, 
7774.64, 9872, 
7774.642, 9872, 
7774.644, 9872, 
7774.646, 9873, 
7774.648, 9873, 
7774.65, 9873, 
7774.652, 9872, 
7774.654, 9873, 
7774.656, 9873, 
7774.658, 9873, 
7774.66, 9874, 
7774.662, 9874, 
7774.664, 9874, 
7774.666, 9874, 
7774.668, 9874, 
7774.67, 9874, 
7774.672, 9874, 
7774.674, 9874, 
7774.676, 9874, 
7774.678, 9873, 
7774.68, 9873, 
7774.682, 9873, 
7774.684, 9873, 
7774.686, 9873, 
7774.688, 9873, 
7774.69, 9873, 
7774.692, 9873, 
7774.694, 9873, 
7774.696, 9872, 
7774.698, 9871, 
7774.7, 9871, 
7774.702, 9870, 
7774.704, 9870, 
7774.706, 9871, 
7774.708, 9871, 
7774.71, 9870, 
7774.712, 9870, 
7774.714, 9870, 
7774.716, 9869, 
7774.718, 9869, 
7774.72, 9869, 
7774.722, 9868, 
7774.724, 9868, 
7774.726, 9868, 
7774.728, 9867, 
7774.73, 9867, 
7774.732, 9867, 
7774.734, 9867, 
7774.736, 9867, 
7774.738, 9867, 
7774.74, 9867, 
7774.742, 9867, 
7774.744, 9866, 
7774.746, 9866, 
7774.748, 9866, 
7774.75, 9867, 
7774.752, 9867, 
7774.754, 9867, 
7774.756, 9867, 
7774.758, 9867, 
7774.76, 9867, 
7774.762, 9868, 
7774.764, 9868, 
7774.766, 9869, 
7774.768, 9868, 
7774.77, 9868, 
7774.772, 9868, 
7774.774, 9868, 
7774.776, 9868, 
7774.778, 9868, 
7774.78, 9868, 
7774.782, 9868, 
7774.784, 9868, 
7774.786, 9867, 
7774.788, 9867, 
7774.79, 9867, 
7774.792, 9865, 
7774.794, 9865, 
7774.796, 9865, 
7774.798, 9864, 
7774.8, 9863, 
7774.802, 9863, 
7774.804, 9862, 
7774.806, 9862, 
7774.808, 9862, 
7774.81, 9862, 
7774.812, 9861, 
7774.814, 9860, 
7774.816, 9859, 
7774.818, 9859, 
7774.82, 9859, 
7774.822, 9859, 
7774.824, 9859, 
7774.826, 9858, 
7774.828, 9858, 
7774.83, 9858, 
7774.832, 9858, 
7774.834, 9858, 
7774.836, 9857, 
7774.838, 9857, 
7774.84, 9857, 
7774.842, 9857, 
7774.844, 9857, 
7774.846, 9857, 
7774.848, 9857, 
7774.85, 9857, 
7774.852, 9857, 
7774.854, 9857, 
7774.856, 9857, 
7774.858, 9857, 
7774.86, 9856, 
7774.862, 9856, 
7774.864, 9856, 
7774.866, 9856, 
7774.868, 9856, 
7774.87, 9856, 
7774.872, 9856, 
7774.874, 9855, 
7774.876, 9855, 
7774.878, 9855, 
7774.88, 9854, 
7774.882, 9854, 
7774.884, 9852, 
7774.886, 9851, 
7774.888, 9850, 
7774.89, 9849, 
7774.892, 9848, 
7774.894, 9847, 
7774.896, 9846, 
7774.898, 9846, 
7774.9, 9845, 
7774.902, 9843, 
7774.904, 9842, 
7774.906, 9840, 
7774.908, 9838, 
7774.91, 9837, 
7774.912, 9836, 
7774.914, 9834, 
7774.916, 9833, 
7774.918, 9832, 
7774.92, 9831, 
7774.922, 9829, 
7774.924, 9828, 
7774.926, 9827, 
7774.928, 9825, 
7774.93, 9824, 
7774.932, 9823, 
7774.934, 9823, 
7774.936, 9822, 
7774.938, 9821, 
7774.94, 9821, 
7774.942, 9820, 
7774.944, 9820, 
7774.946, 9820, 
7774.948, 9820, 
7774.95, 9820, 
7774.952, 9819, 
7774.954, 9819, 
7774.956, 9819, 
7774.958, 9819, 
7774.96, 9819, 
7774.962, 9819, 
7774.964, 9819, 
7774.966, 9820, 
7774.968, 9821, 
7774.97, 9821, 
7774.972, 9822, 
7774.974, 9822, 
7774.976, 9822, 
7774.978, 9823, 
7774.98, 9823, 
7774.982, 9824, 
7774.984, 9824, 
7774.986, 9825, 
7774.988, 9826, 
7774.99, 9826, 
7774.992, 9827, 
7774.994, 9828, 
7774.996, 9829, 
7774.998, 9828, 
7775.0, 9828, 
7775.002, 9830, 
7775.004, 9831, 
7775.006, 9831, 
7775.008, 9832, 
7775.01, 9832, 
7775.012, 9833, 
7775.014, 9833, 
7775.016, 9833, 
7775.018, 9834, 
7775.02, 9834, 
7775.022, 9834, 
7775.024, 9834, 
7775.026, 9834, 
7775.028, 9835, 
7775.03, 9834, 
7775.032, 9835, 
7775.034, 9834, 
7775.036, 9834, 
7775.038, 9834, 
7775.04, 9834, 
7775.042, 9833, 
7775.044, 9833, 
7775.046, 9832, 
7775.048, 9832, 
7775.05, 9831, 
7775.052, 9831, 
7775.054, 9830, 
7775.056, 9829, 
7775.058, 9828, 
7775.06, 9827, 
7775.062, 9826, 
7775.064, 9825, 
7775.066, 9823, 
7775.068, 9822, 
7775.07, 9821, 
7775.072, 9820, 
7775.074, 9818, 
7775.076, 9818, 
7775.078, 9817, 
7775.08, 9815, 
7775.082, 9814, 
7775.084, 9813, 
7775.086, 9811, 
7775.088, 9810, 
7775.09, 9809, 
7775.092, 9808, 
7775.094, 9807, 
7775.096, 9805, 
7775.098, 9805, 
7775.1, 9804, 
7775.102, 9802, 
7775.104, 9801, 
7775.106, 9799, 
7775.108, 9798, 
7775.11, 9796, 
7775.112, 9795, 
7775.114, 9793, 
7775.116, 9792, 
7775.118, 9790, 
7775.12, 9788, 
7775.122, 9785, 
7775.124, 9783, 
7775.126, 9780, 
7775.128, 9777, 
7775.13, 9774, 
7775.132, 9771, 
7775.134, 9768, 
7775.136, 9765, 
7775.138, 9761, 
7775.14, 9758, 
7775.142, 9754, 
7775.144, 9751, 
7775.146, 9746, 
7775.148, 9743, 
7775.15, 9738, 
7775.152, 9731, 
7775.154, 9725, 
7775.156, 9722, 
7775.158, 9718, 
7775.16, 9715, 
7775.162, 9713, 
7775.164, 9712, 
7775.166, 9709, 
7775.168, 9706, 
7775.17, 9703, 
7775.172, 9697, 
7775.174, 9692, 
7775.176, 9683, 
7775.178, 9673, 
7775.18, 9662, 
7775.182, 9654, 
7775.184, 9646, 
7775.186, 9637, 
7775.188, 9628, 
7775.19, 9619, 
7775.192, 9609, 
7775.194, 9599, 
7775.196, 9588, 
7775.198, 9577, 
7775.2, 9565, 
7775.202, 9554, 
7775.204, 9542, 
7775.206, 9529, 
7775.208, 9518, 
7775.21, 9504, 
7775.212, 9491, 
7775.214, 9478, 
7775.216, 9465, 
7775.218, 9450, 
7775.22, 9435, 
7775.222, 9417, 
7775.224, 9400, 
7775.226, 9382, 
7775.228, 9364, 
7775.23, 9345, 
7775.232, 9328, 
7775.234, 9308, 
7775.236, 9289, 
7775.238, 9268, 
7775.24, 9247, 
7775.242, 9226, 
7775.244, 9205, 
7775.246, 9184, 
7775.248, 9162, 
7775.25, 9141, 
7775.252, 9118, 
7775.254, 9096, 
7775.256, 9073, 
7775.258, 9050, 
7775.26, 9026, 
7775.262, 9000, 
7775.264, 8974, 
7775.266, 8948, 
7775.268, 8920, 
7775.27, 8893, 
7775.272, 8865, 
7775.274, 8838, 
7775.276, 8810, 
7775.278, 8782, 
7775.28, 8753, 
7775.282, 8724, 
7775.284, 8693, 
7775.286, 8660, 
7775.288, 8627, 
7775.29, 8596, 
7775.292, 8563, 
7775.294, 8529, 
7775.296, 8498, 
7775.298, 8467, 
7775.3, 8436, 
7775.302, 8406, 
7775.304, 8377, 
7775.306, 8348, 
7775.308, 8318, 
7775.31, 8289, 
7775.312, 8261, 
7775.314, 8231, 
7775.316, 8202, 
7775.318, 8172, 
7775.32, 8143, 
7775.322, 8111, 
7775.324, 8080, 
7775.326, 8051, 
7775.328, 8019, 
7775.33, 7989, 
7775.332, 7958, 
7775.334, 7929, 
7775.336, 7900, 
7775.338, 7872, 
7775.34, 7845, 
7775.342, 7819, 
7775.344, 7795, 
7775.346, 7770, 
7775.348, 7746, 
7775.35, 7721, 
7775.352, 7699, 
7775.354, 7675, 
7775.356, 7652, 
7775.358, 7628, 
7775.36, 7607, 
7775.362, 7587, 
7775.364, 7567, 
7775.366, 7549, 
7775.368, 7531, 
7775.37, 7514, 
7775.372, 7498, 
7775.374, 7484, 
7775.376, 7470, 
7775.378, 7458, 
7775.38, 7447, 
7775.382, 7438, 
7775.384, 7430, 
7775.386, 7423, 
7775.388, 7417, 
7775.39, 7413, 
7775.392, 7409, 
7775.394, 7407, 
7775.396, 7406, 
7775.398, 7407, 
7775.4, 7408, 
7775.402, 7411, 
7775.404, 7416, 
7775.406, 7421, 
7775.408, 7429, 
7775.41, 7439, 
7775.412, 7450, 
7775.414, 7462, 
7775.416, 7476, 
7775.418, 7490, 
7775.42, 7508, 
7775.422, 7526, 
7775.424, 7546, 
7775.426, 7567, 
7775.428, 7589, 
7775.43, 7610, 
7775.432, 7635, 
7775.434, 7660, 
7775.436, 7686, 
7775.438, 7713, 
7775.44, 7740, 
7775.442, 7769, 
7775.444, 7799, 
7775.446, 7830, 
7775.448, 7862, 
7775.45, 7895, 
7775.452, 7930, 
7775.454, 7965, 
7775.456, 8001, 
7775.458, 8038, 
7775.46, 8074, 
7775.462, 8112, 
7775.464, 8150, 
7775.466, 8187, 
7775.468, 8224, 
7775.47, 8262, 
7775.472, 8299, 
7775.474, 8336, 
7775.476, 8374, 
7775.478, 8411, 
7775.48, 8448, 
7775.482, 8485, 
7775.484, 8521, 
7775.486, 8557, 
7775.488, 8593, 
7775.49, 8628, 
7775.492, 8663, 
7775.494, 8698, 
7775.496, 8731, 
7775.498, 8766, 
7775.5, 8800, 
7775.502, 8833, 
7775.504, 8864, 
7775.506, 8894, 
7775.508, 8924, 
7775.51, 8955, 
7775.512, 8982, 
7775.514, 9010, 
7775.516, 9038, 
7775.518, 9065, 
7775.52, 9090, 
7775.522, 9115, 
7775.524, 9140, 
7775.526, 9162, 
7775.528, 9182, 
7775.53, 9204, 
7775.532, 9221, 
7775.534, 9240, 
7775.536, 9260, 
7775.538, 9279, 
7775.54, 9296, 
7775.542, 9314, 
7775.544, 9332, 
7775.546, 9349, 
7775.548, 9366, 
7775.55, 9383, 
7775.552, 9400, 
7775.554, 9415, 
7775.556, 9431, 
7775.558, 9446, 
7775.56, 9462, 
7775.562, 9477, 
7775.564, 9491, 
7775.566, 9504, 
7775.568, 9517, 
7775.57, 9527, 
7775.572, 9538, 
7775.574, 9551, 
7775.576, 9561, 
7775.578, 9572, 
7775.58, 9582, 
7775.582, 9592, 
7775.584, 9602, 
7775.586, 9611, 
7775.588, 9620, 
7775.59, 9629, 
7775.592, 9636, 
7775.594, 9645, 
7775.596, 9653, 
7775.598, 9660, 
7775.6, 9667, 
7775.602, 9674, 
7775.604, 9680, 
7775.606, 9686, 
7775.608, 9691, 
7775.61, 9696, 
7775.612, 9701, 
7775.614, 9706, 
7775.616, 9712, 
7775.618, 9717, 
7775.62, 9722, 
7775.622, 9726, 
7775.624, 9730, 
7775.626, 9734, 
7775.628, 9738, 
7775.63, 9741, 
7775.632, 9744, 
7775.634, 9748, 
7775.636, 9751, 
7775.638, 9755, 
7775.64, 9758, 
7775.642, 9761, 
7775.644, 9764, 
7775.646, 9767, 
7775.648, 9771, 
7775.65, 9774, 
7775.652, 9777, 
7775.654, 9780, 
7775.656, 9783, 
7775.658, 9786, 
7775.66, 9788, 
7775.662, 9791, 
7775.664, 9793, 
7775.666, 9796, 
7775.668, 9798, 
7775.67, 9801, 
7775.672, 9803, 
7775.674, 9806, 
7775.676, 9808, 
7775.678, 9810, 
7775.68, 9812, 
7775.682, 9813, 
7775.684, 9815, 
7775.686, 9817, 
7775.688, 9819, 
7775.69, 9821, 
7775.692, 9822, 
7775.694, 9823, 
7775.696, 9824, 
7775.698, 9825, 
7775.7, 9827, 
7775.702, 9828, 
7775.704, 9829, 
7775.706, 9830, 
7775.708, 9831, 
7775.71, 9832, 
7775.712, 9832, 
7775.714, 9833, 
7775.716, 9834, 
7775.718, 9835, 
7775.72, 9836, 
7775.722, 9837, 
7775.724, 9838, 
7775.726, 9839, 
7775.728, 9839, 
7775.73, 9840, 
7775.732, 9841, 
7775.734, 9842, 
7775.736, 9843, 
7775.738, 9843, 
7775.74, 9844, 
7775.742, 9844, 
7775.744, 9845, 
7775.746, 9845, 
7775.748, 9846, 
7775.75, 9846, 
7775.752, 9847, 
7775.754, 9847, 
7775.756, 9848, 
7775.758, 9848, 
7775.76, 9848, 
7775.762, 9848, 
7775.764, 9848, 
7775.766, 9848, 
7775.768, 9849, 
7775.77, 9848, 
7775.772, 9848, 
7775.774, 9848, 
7775.776, 9848, 
7775.778, 9848, 
7775.78, 9848, 
7775.782, 9848, 
7775.784, 9848, 
7775.786, 9848, 
7775.788, 9848, 
7775.79, 9848, 
7775.792, 9847, 
7775.794, 9848, 
7775.796, 9848, 
7775.798, 9847, 
7775.8, 9848, 
7775.802, 9847, 
7775.804, 9847, 
7775.806, 9848, 
7775.808, 9849, 
7775.81, 9849, 
7775.812, 9849, 
7775.814, 9849, 
7775.816, 9849, 
7775.818, 9849, 
7775.82, 9850, 
7775.822, 9850, 
7775.824, 9850, 
7775.826, 9851, 
7775.828, 9851, 
7775.83, 9852, 
7775.832, 9852, 
7775.834, 9853, 
7775.836, 9853, 
7775.838, 9853, 
7775.84, 9854, 
7775.842, 9855, 
7775.844, 9855, 
7775.846, 9856, 
7775.848, 9856, 
7775.85, 9856, 
7775.852, 9857, 
7775.854, 9858, 
7775.856, 9859, 
7775.858, 9859, 
7775.86, 9860, 
7775.862, 9860, 
7775.864, 9861, 
7775.866, 9861, 
7775.868, 9862, 
7775.87, 9862, 
7775.872, 9862, 
7775.874, 9863, 
7775.876, 9863, 
7775.878, 9863, 
7775.88, 9863, 
7775.882, 9863, 
7775.884, 9863, 
7775.886, 9862, 
7775.888, 9862, 
7775.89, 9862, 
7775.892, 9862, 
7775.894, 9861, 
7775.896, 9861, 
7775.898, 9860, 
7775.9, 9861, 
7775.902, 9860, 
7775.904, 9860, 
7775.906, 9859, 
7775.908, 9858, 
7775.91, 9858, 
7775.912, 9858, 
7775.914, 9857, 
7775.916, 9857, 
7775.918, 9857, 
7775.92, 9857, 
7775.922, 9857, 
7775.924, 9856, 
7775.926, 9856, 
7775.928, 9856, 
7775.93, 9856, 
7775.932, 9856, 
7775.934, 9856, 
7775.936, 9856, 
7775.938, 9856, 
7775.94, 9856, 
7775.942, 9855, 
7775.944, 9855, 
7775.946, 9855, 
7775.948, 9855, 
7775.95, 9855, 
7775.952, 9855, 
7775.954, 9856, 
7775.956, 9856, 
7775.958, 9856, 
7775.96, 9856, 
7775.962, 9856, 
7775.964, 9856, 
7775.966, 9856, 
7775.968, 9856, 
7775.97, 9857, 
7775.972, 9857, 
7775.974, 9858, 
7775.976, 9859, 
7775.978, 9859, 
7775.98, 9859, 
7775.982, 9860, 
7775.984, 9861, 
7775.986, 9861, 
7775.988, 9862, 
7775.99, 9863, 
7775.992, 9863, 
7775.994, 9863, 
7775.996, 9864, 
7775.998, 9864, 
7776.0, 9865, 
7776.002, 9866, 
7776.004, 9866, 
7776.006, 9866, 
7776.008, 9867, 
7776.01, 9867, 
7776.012, 9867, 
7776.014, 9868, 
7776.016, 9869, 
7776.018, 9869, 
7776.02, 9869, 
7776.022, 9869, 
7776.024, 9869, 
7776.026, 9869, 
7776.028, 9869, 
7776.03, 9870, 
7776.032, 9870, 
7776.034, 9870, 
7776.036, 9870, 
7776.038, 9870, 
7776.04, 9870, 
7776.042, 9869, 
7776.044, 9869, 
7776.046, 9869, 
7776.048, 9869, 
7776.05, 9869, 
7776.052, 9868, 
7776.054, 9868, 
7776.056, 9868, 
7776.058, 9867, 
7776.06, 9867, 
7776.062, 9867, 
7776.064, 9867, 
7776.066, 9867, 
7776.068, 9867, 
7776.07, 9867, 
7776.072, 9867, 
7776.074, 9867, 
7776.076, 9867, 
7776.078, 9866, 
7776.08, 9866, 
7776.082, 9866, 
7776.084, 9866, 
7776.086, 9866, 
7776.088, 9866, 
7776.09, 9866, 
7776.092, 9866, 
7776.094, 9866, 
7776.096, 9866, 
7776.098, 9867, 
7776.1, 9867, 
7776.102, 9867, 
7776.104, 9868, 
7776.106, 9868, 
7776.108, 9868, 
7776.11, 9869, 
7776.112, 9869, 
7776.114, 9869, 
7776.116, 9870, 
7776.118, 9870, 
7776.12, 9870, 
7776.122, 9871, 
7776.124, 9871, 
7776.126, 9872, 
7776.128, 9873, 
7776.13, 9873, 
7776.132, 9874, 
7776.134, 9875, 
7776.136, 9876, 
7776.138, 9877, 
7776.14, 9878, 
7776.142, 9878, 
7776.144, 9879, 
7776.146, 9880, 
7776.148, 9880, 
7776.15, 9881, 
7776.152, 9882, 
7776.154, 9883, 
7776.156, 9885, 
7776.158, 9886, 
7776.16, 9886, 
7776.162, 9887, 
7776.164, 9888, 
7776.166, 9888, 
7776.168, 9889, 
7776.17, 9890, 
7776.172, 9890, 
7776.174, 9891, 
7776.176, 9891, 
7776.178, 9891, 
7776.18, 9892, 
7776.182, 9892, 
7776.184, 9892, 
7776.186, 9893, 
7776.188, 9893, 
7776.19, 9893, 
7776.192, 9893, 
7776.194, 9893, 
7776.196, 9893, 
7776.198, 9893, 
7776.2, 9893, 
7776.202, 9892, 
7776.204, 9892, 
7776.206, 9891, 
7776.208, 9890, 
7776.21, 9889, 
7776.212, 9889, 
7776.214, 9888, 
7776.216, 9887, 
7776.218, 9886, 
7776.22, 9885, 
7776.222, 9883, 
7776.224, 9882, 
7776.226, 9881, 
7776.228, 9880, 
7776.23, 9879, 
7776.232, 9878, 
7776.234, 9877, 
7776.236, 9876, 
7776.238, 9875, 
7776.24, 9874, 
7776.242, 9873, 
7776.244, 9872, 
7776.246, 9871, 
7776.248, 9870, 
7776.25, 9869, 
7776.252, 9868, 
7776.254, 9867, 
7776.256, 9867, 
7776.258, 9867, 
7776.26, 9866, 
7776.262, 9866, 
7776.264, 9866, 
7776.266, 9866, 
7776.268, 9866, 
7776.27, 9865, 
7776.272, 9865, 
7776.274, 9865, 
7776.276, 9865, 
7776.278, 9865, 
7776.28, 9865, 
7776.282, 9865, 
7776.284, 9865, 
7776.286, 9866, 
7776.288, 9866, 
7776.29, 9867, 
7776.292, 9867, 
7776.294, 9868, 
7776.296, 9868, 
7776.298, 9869, 
7776.3, 9869, 
7776.302, 9869, 
7776.304, 9870, 
7776.306, 9870, 
7776.308, 9870, 
7776.31, 9871, 
7776.312, 9871, 
7776.314, 9871, 
7776.316, 9871, 
7776.318, 9871, 
7776.32, 9871, 
7776.322, 9871, 
7776.324, 9871, 
7776.326, 9871, 
7776.328, 9871, 
7776.33, 9871, 
7776.332, 9871, 
7776.334, 9870, 
7776.336, 9870, 
7776.338, 9870, 
7776.34, 9869, 
7776.342, 9869, 
7776.344, 9868, 
7776.346, 9868, 
7776.348, 9867, 
7776.35, 9866, 
7776.352, 9866, 
7776.354, 9866, 
7776.356, 9865, 
7776.358, 9864, 
7776.36, 9864, 
7776.362, 9863, 
7776.364, 9862, 
7776.366, 9861, 
7776.368, 9861, 
7776.37, 9860, 
7776.372, 9859, 
7776.374, 9859, 
7776.376, 9858, 
7776.378, 9859, 
7776.38, 9858, 
7776.382, 9858, 
7776.384, 9857, 
7776.386, 9856, 
7776.388, 9856, 
7776.39, 9856, 
7776.392, 9856, 
7776.394, 9856, 
7776.396, 9856, 
7776.398, 9856, 
7776.4, 9856, 
7776.402, 9856, 
7776.404, 9857, 
7776.406, 9857, 
7776.408, 9857, 
7776.41, 9858, 
7776.412, 9858, 
7776.414, 9859, 
7776.416, 9860, 
7776.418, 9860, 
7776.42, 9860, 
7776.422, 9861, 
7776.424, 9862, 
7776.426, 9862, 
7776.428, 9863, 
7776.43, 9863, 
7776.432, 9863, 
7776.434, 9863, 
7776.436, 9863, 
7776.438, 9863, 
7776.44, 9863, 
7776.442, 9863, 
7776.444, 9862, 
7776.446, 9862, 
7776.448, 9862, 
7776.45, 9861, 
7776.452, 9861, 
7776.454, 9860, 
7776.456, 9859, 
7776.458, 9858, 
7776.46, 9858, 
7776.462, 9857, 
7776.464, 9857, 
7776.466, 9856, 
7776.468, 9856, 
7776.47, 9855, 
7776.472, 9854, 
7776.474, 9854, 
7776.476, 9853, 
7776.478, 9852, 
7776.48, 9852, 
7776.482, 9852, 
7776.484, 9852, 
7776.486, 9852, 
7776.488, 9852, 
7776.49, 9852, 
7776.492, 9852, 
7776.494, 9852, 
7776.496, 9853, 
7776.498, 9854, 
7776.5, 9854, 
7776.502, 9854, 
7776.504, 9855, 
7776.506, 9855, 
7776.508, 9856, 
7776.51, 9856, 
7776.512, 9857, 
7776.514, 9858, 
7776.516, 9858, 
7776.518, 9859, 
7776.52, 9860, 
7776.522, 9860, 
7776.524, 9861, 
7776.526, 9862, 
7776.528, 9862, 
7776.53, 9863, 
7776.532, 9863, 
7776.534, 9864, 
7776.536, 9864, 
7776.538, 9865, 
7776.54, 9865, 
7776.542, 9865, 
7776.544, 9866, 
7776.546, 9866, 
7776.548, 9866, 
7776.55, 9867, 
7776.552, 9867, 
7776.554, 9867, 
7776.556, 9868, 
7776.558, 9868, 
7776.56, 9868, 
7776.562, 9868, 
7776.564, 9868, 
7776.566, 9869, 
7776.568, 9869, 
7776.57, 9869, 
7776.572, 9869, 
7776.574, 9869, 
7776.576, 9869, 
7776.578, 9869, 
7776.58, 9869, 
7776.582, 9869, 
7776.584, 9868, 
7776.586, 9868, 
7776.588, 9868, 
7776.59, 9867, 
7776.592, 9866, 
7776.594, 9865, 
7776.596, 9865, 
7776.598, 9864, 
7776.6, 9863, 
7776.602, 9862, 
7776.604, 9862, 
7776.606, 9860, 
7776.608, 9859, 
7776.61, 9858, 
7776.612, 9856, 
7776.614, 9855, 
7776.616, 9854, 
7776.618, 9852, 
7776.62, 9852, 
7776.622, 9850, 
7776.624, 9849, 
7776.626, 9847, 
7776.628, 9845, 
7776.63, 9843, 
7776.632, 9842, 
7776.634, 9840, 
7776.636, 9838, 
7776.638, 9836, 
7776.64, 9835, 
7776.642, 9833, 
7776.644, 9832, 
7776.646, 9830, 
7776.648, 9828, 
7776.65, 9827, 
7776.652, 9825, 
7776.654, 9823, 
7776.656, 9822, 
7776.658, 9820, 
7776.66, 9819, 
7776.662, 9818, 
7776.664, 9817, 
7776.666, 9815, 
7776.668, 9814, 
7776.67, 9813, 
7776.672, 9812, 
7776.674, 9812, 
7776.676, 9811, 
7776.678, 9810, 
7776.68, 9809, 
7776.682, 9809, 
7776.684, 9808, 
7776.686, 9808, 
7776.688, 9808, 
7776.69, 9808, 
7776.692, 9807, 
7776.694, 9807, 
7776.696, 9807, 
7776.698, 9809, 
7776.7, 9809, 
7776.702, 9809, 
7776.704, 9809, 
7776.706, 9809, 
7776.708, 9810, 
7776.71, 9811, 
7776.712, 9811, 
7776.714, 9811, 
7776.716, 9812, 
7776.718, 9813, 
7776.72, 9813, 
7776.722, 9814, 
7776.724, 9815, 
7776.726, 9816, 
7776.728, 9818, 
7776.73, 9819, 
7776.732, 9820, 
7776.734, 9821, 
7776.736, 9822, 
7776.738, 9823, 
7776.74, 9825, 
7776.742, 9826, 
7776.744, 9828, 
7776.746, 9830, 
7776.748, 9832, 
7776.75, 9833, 
7776.752, 9835, 
7776.754, 9837, 
7776.756, 9839, 
7776.758, 9840, 
7776.76, 9842, 
7776.762, 9844, 
7776.764, 9846, 
7776.766, 9848, 
7776.768, 9850, 
7776.77, 9853, 
7776.772, 9854, 
7776.774, 9856, 
7776.776, 9858, 
7776.778, 9859, 
7776.78, 9860, 
7776.782, 9862, 
7776.784, 9864, 
7776.786, 9865, 
7776.788, 9866, 
7776.79, 9867, 
7776.792, 9868, 
7776.794, 9869, 
7776.796, 9870, 
7776.798, 9871, 
7776.8, 9872, 
7776.802, 9872, 
7776.804, 9873, 
7776.806, 9874, 
7776.808, 9874, 
7776.81, 9874, 
7776.812, 9874, 
7776.814, 9874, 
7776.816, 9874, 
7776.818, 9875, 
7776.82, 9875, 
7776.822, 9875, 
7776.824, 9875, 
7776.826, 9875, 
7776.828, 9875, 
7776.83, 9874, 
7776.832, 9874, 
7776.834, 9873, 
7776.836, 9873, 
7776.838, 9873, 
7776.84, 9872, 
7776.842, 9872, 
7776.844, 9871, 
7776.846, 9870, 
7776.848, 9870, 
7776.85, 9869, 
7776.852, 9868, 
7776.854, 9867, 
7776.856, 9866, 
7776.858, 9865, 
7776.86, 9864, 
7776.862, 9863, 
7776.864, 9862, 
7776.866, 9860, 
7776.868, 9859, 
7776.87, 9858, 
7776.872, 9857, 
7776.874, 9858, 
7776.876, 9857, 
7776.878, 9856, 
7776.88, 9855, 
7776.882, 9854, 
7776.884, 9853, 
7776.886, 9852, 
7776.888, 9852, 
7776.89, 9852, 
7776.892, 9851, 
7776.894, 9850, 
7776.896, 9850, 
7776.898, 9849, 
7776.9, 9849, 
7776.902, 9849, 
7776.904, 9849, 
7776.906, 9849, 
7776.908, 9848, 
7776.91, 9848, 
7776.912, 9848, 
7776.914, 9848, 
7776.916, 9848, 
7776.918, 9849, 
7776.92, 9849, 
7776.922, 9849, 
7776.924, 9849, 
7776.926, 9849, 
7776.928, 9849, 
7776.93, 9850, 
7776.932, 9850, 
7776.934, 9850, 
7776.936, 9850, 
7776.938, 9850, 
7776.94, 9850, 
7776.942, 9851, 
7776.944, 9851, 
7776.946, 9851, 
7776.948, 9852, 
7776.95, 9853, 
7776.952, 9853, 
7776.954, 9853, 
7776.956, 9853, 
7776.958, 9853, 
7776.96, 9854, 
7776.962, 9854, 
7776.964, 9854, 
7776.966, 9854, 
7776.968, 9854, 
7776.97, 9854, 
7776.972, 9854, 
7776.974, 9854, 
7776.976, 9853, 
7776.978, 9853, 
7776.98, 9852, 
7776.982, 9851, 
7776.984, 9851, 
7776.986, 9850, 
7776.988, 9849, 
7776.99, 9849, 
7776.992, 9848, 
7776.994, 9846, 
7776.996, 9845, 
7776.998, 9843, 
7777.0, 9842, 
7777.002, 9840, 
7777.004, 9838, 
7777.006, 9837, 
7777.008, 9835, 
7777.01, 9833, 
7777.012, 9831, 
7777.014, 9829, 
7777.016, 9827, 
7777.018, 9825, 
7777.02, 9823, 
7777.022, 9822, 
7777.024, 9820, 
7777.026, 9818, 
7777.028, 9815, 
7777.03, 9814, 
7777.032, 9812, 
7777.034, 9810, 
7777.036, 9808, 
7777.038, 9806, 
7777.04, 9805, 
7777.042, 9804, 
7777.044, 9802, 
7777.046, 9800, 
7777.048, 9798, 
7777.05, 9797, 
7777.052, 9796, 
7777.054, 9794, 
7777.056, 9793, 
7777.058, 9791, 
7777.06, 9790, 
7777.062, 9788, 
7777.064, 9787, 
7777.066, 9786, 
7777.068, 9784, 
7777.07, 9783, 
7777.072, 9781, 
7777.074, 9780, 
7777.076, 9778, 
7777.078, 9777, 
7777.08, 9776, 
7777.082, 9774, 
7777.084, 9773, 
7777.086, 9771, 
7777.088, 9770, 
7777.09, 9769, 
7777.092, 9768, 
7777.094, 9766, 
7777.096, 9766, 
7777.098, 9766, 
7777.1, 9765, 
7777.102, 9765, 
7777.104, 9765, 
7777.106, 9765, 
7777.108, 9765, 
7777.11, 9765, 
7777.112, 9766, 
7777.114, 9766, 
7777.116, 9767, 
7777.118, 9768, 
7777.12, 9770, 
7777.122, 9771, 
7777.124, 9773, 
7777.126, 9774, 
7777.128, 9776, 
7777.13, 9777, 
7777.132, 9779, 
7777.134, 9781, 
7777.136, 9783, 
7777.138, 9784, 
7777.14, 9786, 
7777.142, 9788, 
7777.144, 9789, 
7777.146, 9791, 
7777.148, 9792, 
7777.15, 9793, 
7777.152, 9794, 
7777.154, 9795, 
7777.156, 9796, 
7777.158, 9796, 
7777.16, 9797, 
7777.162, 9798, 
7777.164, 9798, 
7777.166, 9799, 
7777.168, 9799, 
7777.17, 9799, 
7777.172, 9800, 
7777.174, 9800, 
7777.176, 9800, 
7777.178, 9801, 
7777.18, 9801, 
7777.182, 9802, 
7777.184, 9802, 
7777.186, 9803, 
7777.188, 9804, 
7777.19, 9805, 
7777.192, 9806, 
7777.194, 9807, 
7777.196, 9808, 
7777.198, 9809, 
7777.2, 9810, 
7777.202, 9811, 
7777.204, 9812, 
7777.206, 9814, 
7777.208, 9815, 
7777.21, 9817, 
7777.212, 9818, 
7777.214, 9819, 
7777.216, 9821, 
7777.218, 9822, 
7777.22, 9823, 
7777.222, 9824, 
7777.224, 9825, 
7777.226, 9826, 
7777.228, 9827, 
7777.23, 9828, 
7777.232, 9829, 
7777.234, 9829, 
7777.236, 9830, 
7777.238, 9831, 
7777.24, 9831, 
7777.242, 9832, 
7777.244, 9833, 
7777.246, 9833, 
7777.248, 9834, 
7777.25, 9835, 
7777.252, 9835, 
7777.254, 9836, 
7777.256, 9836, 
7777.258, 9837, 
7777.26, 9837, 
7777.262, 9838, 
7777.264, 9838, 
7777.266, 9838, 
7777.268, 9839, 
7777.27, 9840, 
7777.272, 9840, 
7777.274, 9841, 
7777.276, 9842, 
7777.278, 9843, 
7777.28, 9843, 
7777.282, 9844, 
7777.284, 9845, 
7777.286, 9845, 
7777.288, 9846, 
7777.29, 9847, 
7777.292, 9848, 
7777.294, 9849, 
7777.296, 9850, 
7777.298, 9850, 
7777.3, 9852, 
7777.302, 9853, 
7777.304, 9854, 
7777.306, 9855, 
7777.308, 9857, 
7777.31, 9858, 
7777.312, 9858, 
7777.314, 9859, 
7777.316, 9860, 
7777.318, 9861, 
7777.32, 9862, 
7777.322, 9863, 
7777.324, 9863, 
7777.326, 9864, 
7777.328, 9865, 
7777.33, 9866, 
7777.332, 9867, 
7777.334, 9867, 
7777.336, 9868, 
7777.338, 9868, 
7777.34, 9869, 
7777.342, 9870, 
7777.344, 9870, 
7777.346, 9870, 
7777.348, 9871, 
7777.35, 9871, 
7777.352, 9871, 
7777.354, 9871, 
7777.356, 9871, 
7777.358, 9871, 
7777.36, 9872, 
7777.362, 9872, 
7777.364, 9872, 
7777.366, 9872, 
7777.368, 9872, 
7777.37, 9871, 
7777.372, 9871, 
7777.374, 9871, 
7777.376, 9871, 
7777.378, 9871, 
7777.38, 9870, 
7777.382, 9870, 
7777.384, 9870, 
7777.386, 9869, 
7777.388, 9869, 
7777.39, 9869, 
7777.392, 9868, 
7777.394, 9868, 
7777.396, 9867, 
7777.398, 9867, 
7777.4, 9866, 
7777.402, 9866, 
7777.404, 9865, 
7777.406, 9864, 
7777.408, 9863, 
7777.41, 9863, 
7777.412, 9862, 
7777.414, 9861, 
7777.416, 9861, 
7777.418, 9861, 
7777.42, 9860, 
7777.422, 9859, 
7777.424, 9859, 
7777.426, 9858, 
7777.428, 9858, 
7777.43, 9858, 
7777.432, 9858, 
7777.434, 9858, 
7777.436, 9857, 
7777.438, 9857, 
7777.44, 9857, 
7777.442, 9856, 
7777.444, 9856, 
7777.446, 9856, 
7777.448, 9856, 
7777.45, 9856, 
7777.452, 9856, 
7777.454, 9856, 
7777.456, 9856, 
7777.458, 9856, 
7777.46, 9856, 
7777.462, 9855, 
7777.464, 9855, 
7777.466, 9855, 
7777.468, 9854, 
7777.47, 9854, 
7777.472, 9853, 
7777.474, 9853, 
7777.476, 9852, 
7777.478, 9851, 
7777.48, 9850, 
7777.482, 9849, 
7777.484, 9847, 
7777.486, 9846, 
7777.488, 9845, 
7777.49, 9843, 
7777.492, 9842, 
7777.494, 9840, 
7777.496, 9839, 
7777.498, 9838, 
7777.5, 9836, 
7777.502, 9835, 
7777.504, 9833, 
7777.506, 9832, 
7777.508, 9830, 
7777.51, 9829, 
7777.512, 9828, 
7777.514, 9827, 
7777.516, 9826, 
7777.518, 9825, 
7777.52, 9825, 
7777.522, 9825, 
7777.524, 9825, 
7777.526, 9825, 
7777.528, 9825, 
7777.53, 9825, 
7777.532, 9825, 
7777.534, 9826, 
7777.536, 9826, 
7777.538, 9827, 
7777.54, 9828, 
7777.542, 9829, 
7777.544, 9830, 
7777.546, 9831, 
7777.548, 9832, 
7777.55, 9833, 
7777.552, 9834, 
7777.554, 9836, 
7777.556, 9837, 
7777.558, 9839, 
7777.56, 9840, 
7777.562, 9841, 
7777.564, 9842, 
7777.566, 9843, 
7777.568, 9845, 
7777.57, 9846, 
7777.572, 9847, 
7777.574, 9848, 
7777.576, 9849, 
7777.578, 9850, 
7777.58, 9851, 
7777.582, 9852, 
7777.584, 9853, 
7777.586, 9854, 
7777.588, 9855, 
7777.59, 9856, 
7777.592, 9857, 
7777.594, 9858, 
7777.596, 9858, 
7777.598, 9858, 
7777.6, 9859, 
7777.602, 9861, 
7777.604, 9862, 
7777.606, 9863, 
7777.608, 9864, 
7777.61, 9865, 
7777.612, 9866, 
7777.614, 9867, 
7777.616, 9869, 
7777.618, 9870, 
7777.62, 9871, 
7777.622, 9872, 
7777.624, 9873, 
7777.626, 9875, 
7777.628, 9876, 
7777.63, 9878, 
7777.632, 9879, 
7777.634, 9880, 
7777.636, 9881, 
7777.638, 9882, 
7777.64, 9884, 
7777.642, 9885, 
7777.644, 9885, 
7777.646, 9886, 
7777.648, 9887, 
7777.65, 9887, 
7777.652, 9888, 
7777.654, 9888, 
7777.656, 9888, 
7777.658, 9889, 
7777.66, 9889, 
7777.662, 9889, 
7777.664, 9889, 
7777.666, 9889, 
7777.668, 9889, 
7777.67, 9888, 
7777.672, 9888, 
7777.674, 9888, 
7777.676, 9887, 
7777.678, 9887, 
7777.68, 9887, 
7777.682, 9886, 
7777.684, 9886, 
7777.686, 9885, 
7777.688, 9885, 
7777.69, 9885, 
7777.692, 9884, 
7777.694, 9884, 
7777.696, 9884, 
7777.698, 9883, 
7777.7, 9883, 
7777.702, 9883, 
7777.704, 9883, 
7777.706, 9883, 
7777.708, 9883, 
7777.71, 9883, 
7777.712, 9883, 
7777.714, 9883, 
7777.716, 9883, 
7777.718, 9883, 
7777.72, 9883, 
7777.722, 9883, 
7777.724, 9883, 
7777.726, 9883, 
7777.728, 9883, 
7777.73, 9883, 
7777.732, 9883, 
7777.734, 9883, 
7777.736, 9882, 
7777.738, 9882, 
7777.74, 9882, 
7777.742, 9882, 
7777.744, 9882, 
7777.746, 9881, 
7777.748, 9881, 
7777.75, 9881, 
7777.752, 9880, 
7777.754, 9880, 
7777.756, 9879, 
7777.758, 9879, 
7777.76, 9879, 
7777.762, 9879, 
7777.764, 9879, 
7777.766, 9878, 
7777.768, 9878, 
7777.77, 9878, 
7777.772, 9878, 
7777.774, 9878, 
7777.776, 9878, 
7777.778, 9878, 
7777.78, 9878, 
7777.782, 9878, 
7777.784, 9878, 
7777.786, 9878, 
7777.788, 9878, 
7777.79, 9878, 
7777.792, 9878, 
7777.794, 9878, 
7777.796, 9877, 
7777.798, 9877, 
7777.8, 9876, 
7777.802, 9875, 
7777.804, 9875, 
7777.806, 9875, 
7777.808, 9874, 
7777.81, 9873, 
7777.812, 9873, 
7777.814, 9872, 
7777.816, 9871, 
7777.818, 9870, 
7777.82, 9869, 
7777.822, 9868, 
7777.824, 9866, 
7777.826, 9865, 
7777.828, 9864, 
7777.83, 9863, 
7777.832, 9861, 
7777.834, 9860, 
7777.836, 9859, 
7777.838, 9858, 
7777.84, 9858, 
7777.842, 9856, 
7777.844, 9855, 
7777.846, 9853, 
7777.848, 9852, 
7777.85, 9851, 
7777.852, 9850, 
7777.854, 9848, 
7777.856, 9847, 
7777.858, 9845, 
7777.86, 9843, 
7777.862, 9842, 
7777.864, 9841, 
7777.866, 9839, 
7777.868, 9838, 
7777.87, 9836, 
7777.872, 9835, 
7777.874, 9833, 
7777.876, 9832, 
7777.878, 9830, 
7777.88, 9828, 
7777.882, 9827, 
7777.884, 9825, 
7777.886, 9824, 
7777.888, 9823, 
7777.89, 9822, 
7777.892, 9821, 
7777.894, 9819, 
7777.896, 9818, 
7777.898, 9817, 
7777.9, 9816, 
7777.902, 9815, 
7777.904, 9815, 
7777.906, 9814, 
7777.908, 9813, 
7777.91, 9812, 
7777.912, 9812, 
7777.914, 9811, 
7777.916, 9811, 
7777.918, 9811, 
7777.92, 9811, 
7777.922, 9810, 
7777.924, 9810, 
7777.926, 9810, 
7777.928, 9810, 
7777.93, 9810, 
7777.932, 9810, 
7777.934, 9810, 
7777.936, 9810, 
7777.938, 9810, 
7777.94, 9811, 
7777.942, 9811, 
7777.944, 9811, 
7777.946, 9812, 
7777.948, 9812, 
7777.95, 9813, 
7777.952, 9813, 
7777.954, 9814, 
7777.956, 9815, 
7777.958, 9815, 
7777.96, 9816, 
7777.962, 9817, 
7777.964, 9818, 
7777.966, 9819, 
7777.968, 9820, 
7777.97, 9820, 
7777.972, 9822, 
7777.974, 9823, 
7777.976, 9824, 
7777.978, 9825, 
7777.98, 9826, 
7777.982, 9828, 
7777.984, 9829, 
7777.986, 9830, 
7777.988, 9831, 
7777.99, 9832, 
7777.992, 9834, 
7777.994, 9835, 
7777.996, 9837, 
7777.998, 9838, 
7778.0, 9840, 
7778.002, 9842, 
7778.004, 9843, 
7778.006, 9844, 
7778.008, 9846, 
7778.01, 9847, 
7778.012, 9849, 
7778.014, 9850, 
7778.016, 9852, 
7778.018, 9854, 
7778.02, 9856, 
7778.022, 9857, 
7778.024, 9858, 
7778.026, 9859, 
7778.028, 9860, 
7778.03, 9862, 
7778.032, 9863, 
7778.034, 9864, 
7778.036, 9866, 
7778.038, 9867, 
7778.04, 9868, 
7778.042, 9869, 
7778.044, 9869, 
7778.046, 9870, 
7778.048, 9871, 
7778.05, 9871, 
7778.052, 9872, 
7778.054, 9873, 
7778.056, 9873, 
7778.058, 9873, 
7778.06, 9873, 
7778.062, 9873, 
7778.064, 9874, 
7778.066, 9874, 
7778.068, 9874, 
7778.07, 9874, 
7778.072, 9874, 
7778.074, 9874, 
7778.076, 9873, 
7778.078, 9873, 
7778.08, 9873, 
7778.082, 9873, 
7778.084, 9873, 
7778.086, 9873, 
7778.088, 9873, 
7778.09, 9873, 
7778.092, 9873, 
7778.094, 9873, 
7778.096, 9873, 
7778.098, 9873, 
7778.1, 9873, 
7778.102, 9873, 
7778.104, 9873, 
7778.106, 9873, 
7778.108, 9873, 
7778.11, 9873, 
7778.112, 9874, 
7778.114, 9874, 
7778.116, 9874, 
7778.118, 9874, 
7778.12, 9874, 
7778.122, 9874, 
7778.124, 9875, 
7778.126, 9875, 
7778.128, 9875, 
7778.13, 9876, 
7778.132, 9876, 
7778.134, 9876, 
7778.136, 9877, 
7778.138, 9877, 
7778.14, 9877, 
7778.142, 9878, 
7778.144, 9878, 
7778.146, 9878, 
7778.148, 9878, 
7778.15, 9878, 
7778.152, 9878, 
7778.154, 9878, 
7778.156, 9878, 
7778.158, 9877, 
7778.16, 9877, 
7778.162, 9877, 
7778.164, 9877, 
7778.166, 9877, 
7778.168, 9876, 
7778.17, 9876, 
7778.172, 9876, 
7778.174, 9876, 
7778.176, 9876, 
7778.178, 9875, 
7778.18, 9875, 
7778.182, 9875, 
7778.184, 9875, 
7778.186, 9875, 
7778.188, 9875, 
7778.19, 9875, 
7778.192, 9875, 
7778.194, 9876, 
7778.196, 9876, 
7778.198, 9876, 
7778.2, 9876, 
7778.202, 9876, 
7778.204, 9877, 
7778.206, 9877, 
7778.208, 9878, 
7778.21, 9878, 
7778.212, 9878, 
7778.214, 9878, 
7778.216, 9878, 
7778.218, 9879, 
7778.22, 9879, 
7778.222, 9879, 
7778.224, 9880, 
7778.226, 9880, 
7778.228, 9880, 
7778.23, 9880, 
7778.232, 9880, 
7778.234, 9880, 
7778.236, 9881, 
7778.238, 9881, 
7778.24, 9881, 
7778.242, 9882, 
7778.244, 9882, 
7778.246, 9882, 
7778.248, 9883, 
7778.25, 9883, 
7778.252, 9883, 
7778.254, 9884, 
7778.256, 9884, 
7778.258, 9884, 
7778.26, 9885, 
7778.262, 9885, 
7778.264, 9885, 
7778.266, 9885, 
7778.268, 9885, 
7778.27, 9885, 
7778.272, 9886, 
7778.274, 9886, 
7778.276, 9886, 
7778.278, 9886, 
7778.28, 9886, 
7778.282, 9886, 
7778.284, 9886, 
7778.286, 9886, 
7778.288, 9886, 
7778.29, 9886, 
7778.292, 9886, 
7778.294, 9886, 
7778.296, 9885, 
7778.298, 9885, 
7778.3, 9885, 
7778.302, 9884, 
7778.304, 9884, 
7778.306, 9884, 
7778.308, 9884, 
7778.31, 9884, 
7778.312, 9883, 
7778.314, 9883, 
7778.316, 9883, 
7778.318, 9883, 
7778.32, 9883, 
7778.322, 9882, 
7778.324, 9882, 
7778.326, 9882, 
7778.328, 9882, 
7778.33, 9882, 
7778.332, 9882, 
7778.334, 9882, 
7778.336, 9882, 
7778.338, 9882, 
7778.34, 9882, 
7778.342, 9882, 
7778.344, 9882, 
7778.346, 9882, 
7778.348, 9882, 
7778.35, 9883, 
7778.352, 9883, 
7778.354, 9883, 
7778.356, 9883, 
7778.358, 9882, 
7778.36, 9883, 
7778.362, 9883, 
7778.364, 9883, 
7778.366, 9884, 
7778.368, 9884, 
7778.37, 9884, 
7778.372, 9884, 
7778.374, 9884, 
7778.376, 9884, 
7778.378, 9885, 
7778.38, 9885, 
7778.382, 9885, 
7778.384, 9885, 
7778.386, 9885, 
7778.388, 9885, 
7778.39, 9885, 
7778.392, 9885, 
7778.394, 9885, 
7778.396, 9885, 
7778.398, 9884, 
7778.4, 9884, 
7778.402, 9883, 
7778.404, 9883, 
7778.406, 9883, 
7778.408, 9882, 
7778.41, 9882, 
7778.412, 9882, 
7778.414, 9881, 
7778.416, 9881, 
7778.418, 9880, 
7778.42, 9879, 
7778.422, 9879, 
7778.424, 9878, 
7778.426, 9878, 
7778.428, 9878, 
7778.43, 9877, 
7778.432, 9877, 
7778.434, 9877, 
7778.436, 9877, 
7778.438, 9877, 
7778.44, 9877, 
7778.442, 9877, 
7778.444, 9877, 
7778.446, 9877, 
7778.448, 9877, 
7778.45, 9878, 
7778.452, 9878, 
7778.454, 9878, 
7778.456, 9879, 
7778.458, 9879, 
7778.46, 9879, 
7778.462, 9880, 
7778.464, 9880, 
7778.466, 9880, 
7778.468, 9881, 
7778.47, 9881, 
7778.472, 9881, 
7778.474, 9882, 
7778.476, 9882, 
7778.478, 9882, 
7778.48, 9883, 
7778.482, 9883, 
7778.484, 9883, 
7778.486, 9883, 
7778.488, 9883, 
7778.49, 9883, 
7778.492, 9883, 
7778.494, 9883, 
7778.496, 9883, 
7778.498, 9882, 
7778.5, 9882, 
7778.502, 9882, 
7778.504, 9881, 
7778.506, 9881, 
7778.508, 9881, 
7778.51, 9881, 
7778.512, 9881, 
7778.514, 9880, 
7778.516, 9880, 
7778.518, 9880, 
7778.52, 9880, 
7778.522, 9880, 
7778.524, 9880, 
7778.526, 9880, 
7778.528, 9880, 
7778.53, 9880, 
7778.532, 9880, 
7778.534, 9879, 
7778.536, 9879, 
7778.538, 9879, 
7778.54, 9879, 
7778.542, 9879, 
7778.544, 9879, 
7778.546, 9879, 
7778.548, 9879, 
7778.55, 9879, 
7778.552, 9879, 
7778.554, 9879, 
7778.556, 9879, 
7778.558, 9879, 
7778.56, 9879, 
7778.562, 9878, 
7778.564, 9878, 
7778.566, 9878, 
7778.568, 9879, 
7778.57, 9879, 
7778.572, 9879, 
7778.574, 9880, 
7778.576, 9880, 
7778.578, 9880, 
7778.58, 9881, 
7778.582, 9881, 
7778.584, 9881, 
7778.586, 9882, 
7778.588, 9883, 
7778.59, 9884, 
7778.592, 9884, 
7778.594, 9885, 
7778.596, 9886, 
7778.598, 9886, 
7778.6, 9887, 
7778.602, 9888, 
7778.604, 9888, 
7778.606, 9889, 
7778.608, 9890, 
7778.61, 9890, 
7778.612, 9890, 
7778.614, 9891, 
7778.616, 9891, 
7778.618, 9891, 
7778.62, 9891, 
7778.622, 9891, 
7778.624, 9891, 
7778.626, 9891, 
7778.628, 9891, 
7778.63, 9891, 
7778.632, 9890, 
7778.634, 9890, 
7778.636, 9890, 
7778.638, 9889, 
7778.64, 9889, 
7778.642, 9888, 
7778.644, 9888, 
7778.646, 9888, 
7778.648, 9887, 
7778.65, 9887, 
7778.652, 9887, 
7778.654, 9886, 
7778.656, 9886, 
7778.658, 9885, 
7778.66, 9885, 
7778.662, 9885, 
7778.664, 9884, 
7778.666, 9884, 
7778.668, 9884, 
7778.67, 9884, 
7778.672, 9884, 
7778.674, 9884, 
7778.676, 9884, 
7778.678, 9884, 
7778.68, 9884, 
7778.682, 9884, 
7778.684, 9884, 
7778.686, 9885, 
7778.688, 9885, 
7778.69, 9885, 
7778.692, 9885, 
7778.694, 9885, 
7778.696, 9885, 
7778.698, 9885, 
7778.7, 9885, 
7778.702, 9886, 
7778.704, 9886, 
7778.706, 9886, 
7778.708, 9886, 
7778.71, 9886, 
7778.712, 9886, 
7778.714, 9886, 
7778.716, 9885, 
7778.718, 9885, 
7778.72, 9885, 
7778.722, 9885, 
7778.724, 9885, 
7778.726, 9885, 
7778.728, 9885, 
7778.73, 9885, 
7778.732, 9884, 
7778.734, 9884, 
7778.736, 9883, 
7778.738, 9883, 
7778.74, 9883, 
7778.742, 9883, 
7778.744, 9883, 
7778.746, 9882, 
7778.748, 9882, 
7778.75, 9882, 
7778.752, 9881, 
7778.754, 9880, 
7778.756, 9880, 
7778.758, 9879, 
7778.76, 9879, 
7778.762, 9878, 
7778.764, 9877, 
7778.766, 9877, 
7778.768, 9876, 
7778.77, 9875, 
7778.772, 9875, 
7778.774, 9874, 
7778.776, 9873, 
7778.778, 9872, 
7778.78, 9871, 
7778.782, 9869, 
7778.784, 9868, 
7778.786, 9867, 
7778.788, 9866, 
7778.79, 9864, 
7778.792, 9863, 
7778.794, 9861, 
7778.796, 9859, 
7778.798, 9858, 
7778.8, 9857, 
7778.802, 9854, 
7778.804, 9852, 
7778.806, 9850, 
7778.808, 9848, 
7778.81, 9846, 
7778.812, 9844, 
7778.814, 9842, 
7778.816, 9840, 
7778.818, 9837, 
7778.82, 9835, 
7778.822, 9833, 
7778.824, 9831, 
7778.826, 9829, 
7778.828, 9827, 
7778.83, 9825, 
7778.832, 9823, 
7778.834, 9821, 
7778.836, 9819, 
7778.838, 9818, 
7778.84, 9816, 
7778.842, 9815, 
7778.844, 9814, 
7778.846, 9813, 
7778.848, 9813, 
7778.85, 9812, 
7778.852, 9812, 
7778.854, 9811, 
7778.856, 9811, 
7778.858, 9811, 
7778.86, 9811, 
7778.862, 9812, 
7778.864, 9812, 
7778.866, 9813, 
7778.868, 9814, 
7778.87, 9815, 
7778.872, 9816, 
7778.874, 9817, 
7778.876, 9818, 
7778.878, 9820, 
7778.88, 9821, 
7778.882, 9822, 
7778.884, 9824, 
7778.886, 9825, 
7778.888, 9827, 
7778.89, 9828, 
7778.892, 9829, 
7778.894, 9830, 
7778.896, 9831, 
7778.898, 9833, 
7778.9, 9834, 
7778.902, 9835, 
7778.904, 9836, 
7778.906, 9837, 
7778.908, 9839, 
7778.91, 9840, 
7778.912, 9841, 
7778.914, 9842, 
7778.916, 9843, 
7778.918, 9844, 
7778.92, 9845, 
7778.922, 9846, 
7778.924, 9846, 
7778.926, 9847, 
7778.928, 9848, 
7778.93, 9849, 
7778.932, 9850, 
7778.934, 9850, 
7778.936, 9850, 
7778.938, 9851, 
7778.94, 9852, 
7778.942, 9852, 
7778.944, 9853, 
7778.946, 9853, 
7778.948, 9853, 
7778.95, 9853, 
7778.952, 9853, 
7778.954, 9853, 
7778.956, 9853, 
7778.958, 9853, 
7778.96, 9852, 
7778.962, 9852, 
7778.964, 9852, 
7778.966, 9851, 
7778.968, 9851, 
7778.97, 9850, 
7778.972, 9849, 
7778.974, 9849, 
7778.976, 9848, 
7778.978, 9847, 
7778.98, 9846, 
7778.982, 9846, 
7778.984, 9845, 
7778.986, 9844, 
7778.988, 9843, 
7778.99, 9842, 
7778.992, 9840, 
7778.994, 9839, 
7778.996, 9838, 
7778.998, 9837, 
7779.0, 9835, 
